  epoch    train_accuracy    train_loss    valid_acc    valid_accuracy    valid_loss      lr      dur
-------  ----------------  ------------  -----------  ----------------  ------------  ------  -------
      1            0.3719        1.6075       0.3125            0.3125        1.4520  0.0006  31.3936
      2            0.4761        1.4212       0.3850            0.3850        1.3322  0.0006  45.1650
      3            0.5050        1.3295       0.4035            0.4035        1.3232  0.0006  44.9420
      4            0.5590        1.2582       0.4124            0.4124        1.2870  0.0006  47.1037
      5            0.5810        1.1917       0.4383            0.4383        1.2401  0.0006  47.5616
      6            0.5336        1.1705       0.4271            0.4271        1.3544  0.0006  60.9592
      7            0.5347        1.1238       0.4178            0.4178        1.3963  0.0006  55.9965
      8            0.6127        1.0793       0.4456            0.4456        1.2510  0.0006  54.2594
      9            0.6582        1.0385       0.4657            0.4657        1.1961  0.0006  54.9738
     10            0.6246        1.0183       0.4444            0.4444        1.2701  0.0006  53.2085
     11            0.6173        0.9862       0.4441            0.4441        1.3281  0.0006  54.4354
     12            0.6736        0.9866       0.4711            0.4711        1.2221  0.0006  58.6695
     13            0.6998        0.9531       0.4633            0.4633        1.1936  0.0006  54.8658
     14            0.7018        0.9203       0.4622            0.4622        1.2627  0.0006  56.0128
     15            0.7203        0.9169       0.4846            0.4846        1.1860  0.0006  55.4347
     16            0.7072        0.8677       0.4772            0.4772        1.2306  0.0006  57.1229
     17            0.7103        0.8623       0.4676            0.4676        1.2449  0.0006  54.6751
     18            0.7558        0.8336       0.4927            0.4927        1.2219  0.0006  57.2065
     19            0.7785        0.8211       0.4969            0.4969        1.1762  0.0006  55.7581
     20            0.7789        0.8182       0.4888            0.4888        1.1970  0.0006  54.4897
     21            0.7913        0.7760       0.4873            0.4873        1.1939  0.0006  54.9250
     22            0.7951        0.7634       0.4888            0.4888        1.1990  0.0006  53.6569
     23            0.7697        0.7485       0.4900            0.4900        1.2366  0.0006  56.2638
     24            0.8083        0.7347       0.4911            0.4911        1.1878  0.0005  55.8136
     25            0.7928        0.7125       0.4842            0.4842        1.2407  0.0005  56.1129
     26            0.7512        0.7284       0.4742            0.4742        1.3094  0.0005  54.7626
     27            0.8426        0.7054       0.4942            0.4942        1.1954  0.0005  52.8683
     28            0.8009        0.6957       0.5073            0.5073        1.2540  0.0005  59.1849
     29            0.8071        0.6821       0.5008            0.5008        1.2099  0.0005  53.3358
     30            0.8268        0.6797       0.4961            0.4961        1.2478  0.0005  56.2113
     31            0.8248        0.6704       0.5096            0.5096        1.2951  0.0005  55.7487
     32            0.8607        0.6539       0.5193            0.5193        1.1882  0.0005  54.6429
     33            0.8133        0.6113       0.5100            0.5100        1.3037  0.0005  51.4475
     34            0.8715        0.5842       0.5116            0.5116        1.2534  0.0005  54.7333
     35            0.8438        0.6016       0.5166            0.5166        1.2852  0.0005  54.1927
     36            0.8619        0.6040       0.4985            0.4985        1.2365  0.0005  51.3803
     37            0.8310        0.5905       0.5123            0.5123        1.3148  0.0004  55.8645
     38            0.8711        0.5723       0.5135            0.5135        1.2761  0.0004  55.5192
     39            0.8742        0.5557       0.5147            0.5147        1.2490  0.0004  59.7540
     40            0.9008        0.5660       0.5062            0.5062        1.2977  0.0004  55.5163
     41            0.8646        0.5432       0.5035            0.5035        1.2622  0.0004  52.3388
     42            0.8850        0.5562       0.5127            0.5127        1.2595  0.0004  53.5752
     43            0.9232        0.5317       0.5278            0.5278        1.2270  0.0004  60.4422
     44            0.8862        0.5078       0.5100            0.5100        1.2414  0.0004  59.5485
     45            0.8970        0.5125       0.5108            0.5108        1.3474  0.0004  55.5347
     46            0.9117        0.4988       0.5150            0.5150        1.2367  0.0004  53.6675
     47            0.8546        0.5017       0.5031            0.5031        1.4295  0.0003  52.4956
     48            0.9317        0.4762       0.5278            0.5278        1.2195  0.0003  55.8470
     49            0.9290        0.4926       0.5285            0.5285        1.2454  0.0003  58.8147
     50            0.9259        0.4821       0.5324            0.5324        1.2604  0.0003  54.5231
     51            0.9448        0.4656       0.5251            0.5251        1.2331  0.0003  58.0864
     52            0.9097        0.4481       0.5239            0.5239        1.3905  0.0003  56.2072
     53            0.9244        0.4619       0.5243            0.5243        1.2751  0.0003  55.5382
     54            0.9313        0.4268       0.5258            0.5258        1.2946  0.0003  58.6621
     55            0.9556        0.4352       0.5336            0.5336        1.2572  0.0003  55.1437
     56            0.9522        0.4340       0.5351            0.5351        1.2661  0.0003  57.6211
     57            0.9545        0.4186       0.5405            0.5405        1.2264  0.0002  56.5877
     58            0.9306        0.4173       0.5297            0.5297        1.3285  0.0002  57.0441
     59            0.9498        0.4097       0.5285            0.5285        1.2841  0.0002  56.3283
     60            0.9394        0.4110       0.5247            0.5247        1.3272  0.0002  57.8334
     61            0.9657        0.4018       0.5324            0.5324        1.2771  0.0002  62.2488
     62            0.9664        0.4099       0.5312            0.5312        1.2383  0.0002  51.1266
     63            0.9645        0.3899       0.5336            0.5336        1.2940  0.0002  56.6240
     64            0.9664        0.3885       0.5351            0.5351        1.2697  0.0002  54.5082
     65            0.9676        0.3799       0.5351            0.5351        1.2826  0.0002  56.5226
     66            0.9618        0.3744       0.5370            0.5370        1.2439  0.0002  55.8313
     67            0.9691        0.3766       0.5367            0.5367        1.3058  0.0002  53.3640
     68            0.9772        0.3639       0.5409            0.5409        1.2296  0.0001  53.3170
     69            0.9742        0.3535       0.5347            0.5347        1.2545  0.0001  56.4599
     70            0.9622        0.3686       0.5440            0.5440        1.2704  0.0001  57.0474
     71            0.9757        0.3638       0.5451            0.5451        1.2257  0.0001  55.2666
     72            0.9699        0.3673       0.5336            0.5336        1.2466  0.0001  52.8765
     73            0.9788        0.3409       0.5424            0.5424        1.2568  0.0001  55.2601
     74            0.9772        0.3512       0.5374            0.5374        1.2574  0.0001  53.7623
     75            0.9753        0.3492       0.5374            0.5374        1.2331  0.0001  55.9645
     76            0.9772        0.3489       0.5394            0.5394        1.3041  0.0001  55.5021
     77            0.9807        0.3400       0.5394            0.5394        1.2562  0.0001  53.3699
     78            0.9807        0.3303       0.5417            0.5417        1.2344  0.0001  54.6439
     79            0.9826        0.3291       0.5424            0.5424        1.2426  0.0001  54.2641
     80            0.9823        0.3287       0.5444            0.5444        1.2507  0.0001  57.2039
     81            0.9819        0.3175       0.5401            0.5401        1.2680  0.0001  53.5311
     82            0.9834        0.3231       0.5401            0.5401        1.2595  0.0000  55.9667
     83            0.9850        0.3292       0.5459            0.5459        1.2370  0.0000  54.1120
     84            0.9838        0.3310       0.5401            0.5401        1.2516  0.0000  55.8659
     85            0.9834        0.3264       0.5421            0.5421        1.2566  0.0000  58.1591
     86            0.9850        0.3363       0.5440            0.5440        1.2482  0.0000  55.2063
     87            0.9834        0.3288       0.5397            0.5397        1.2503  0.0000  61.0852
     88            0.9830        0.3131       0.5421            0.5421        1.2493  0.0000  66.0699
     89            0.9838        0.3126       0.5432            0.5432        1.2424  0.0000  69.9059
     90            0.9857        0.3181       0.5413            0.5413        1.2481  0.0000  71.8008
     91            0.9857        0.3151       0.5417            0.5417        1.2463  0.0000  66.5903
     92            0.9846        0.3051       0.5397            0.5397        1.2532  0.0000  60.9099
     93            0.9861        0.3199       0.5436            0.5436        1.2494  0.0000  61.7908
     94            0.9846        0.3144       0.5405            0.5405        1.2520  0.0000  58.3533
     95            0.9865        0.3137       0.5436            0.5436        1.2506  0.0000  58.6668
     96            0.9857        0.3038       0.5424            0.5424        1.2500  0.0000  55.7852
     97            0.9857        0.3073       0.5409            0.5409        1.2515  0.0000  55.4740
     98            0.9850        0.3094       0.5413            0.5413        1.2520  0.0000  53.2499
     99            0.9861        0.3126       0.5444            0.5444        1.2496  0.0000  58.5485
    100            0.9861        0.3170       0.5421            0.5421        1.2498  0.0000  56.3187
Elapsed time: 7291.049953699112 seconds
