  epoch    train_accuracy    train_loss    valid_acc    valid_accuracy    valid_loss      lr      dur
-------  ----------------  ------------  -----------  ----------------  ------------  ------  -------
      1            0.3337        4.9779       0.2859            0.2859        3.3098  0.0200  58.3501
      2            0.4028        4.7109       0.3229            0.3229        2.7505  0.0200  53.4850
      3            0.4032        4.3184       0.3414            0.3414        3.0735  0.0200  55.2968
      4            0.4093        4.2381       0.3449            0.3449        3.1161  0.0200  56.5249
      5            0.4900        3.7727       0.4039            0.4039        2.8677  0.0200  69.5351
      6            0.5710        3.2438       0.4514            0.4514        2.2130  0.0200  55.6586
      7            0.5652        2.5229       0.4444            0.4444        1.9732  0.0200  54.5296
      8            0.5968        2.0083       0.4923            0.4923        1.6983  0.0200  55.0060
      9            0.6451        1.7586       0.5247            0.5247        1.2544  0.0200  56.1976
     10            0.6836        1.4510       0.5390            0.5390        1.2181  0.0200  55.5137
     11            0.6833        1.2550       0.5509            0.5509        1.1514  0.0200  53.8983
     12            0.7037        1.1490       0.5559            0.5559        1.0952  0.0200  61.4833
     13            0.7018        1.0522       0.5540            0.5540        1.1460  0.0200  54.8474
     14            0.6705        1.0188       0.5613            0.5613        1.1115  0.0200  55.1261
     15            0.7423        1.0271       0.5772            0.5772        1.0270  0.0200  53.0737
     16            0.7095        0.9499       0.5536            0.5536        1.0690  0.0200  55.4796
     17            0.7338        0.9291       0.5775            0.5775        1.0183  0.0200  58.3465
     18            0.7608        0.8958       0.5988            0.5988        1.0240  0.0200  61.3626
     19            0.7160        0.9026       0.5737            0.5737        1.0888  0.0200  57.1776
     20            0.7670        0.8900       0.6123            0.6123        0.9740  0.0200  58.8051
     21            0.7222        0.8510       0.5691            0.5691        1.0715  0.0200  61.3376
     22            0.7608        0.8692       0.5945            0.5945        1.0042  0.0200  55.2965
     23            0.7458        0.8507       0.5710            0.5710        1.0451  0.0200  63.8629
     24            0.7936        0.8173       0.6049            0.6049        0.9591  0.0200  61.8384
     25            0.8052        0.8111       0.6192            0.6192        0.9516  0.0200  60.4846
     26            0.7851        0.8430       0.6053            0.6053        0.9881  0.0200  60.1493
     27            0.7909        0.8379       0.6100            0.6100        0.9767  0.0200  59.5539
     28            0.7731        0.8216       0.5957            0.5957        1.0035  0.0200  60.8495
     29            0.7789        0.8217       0.6103            0.6103        0.9749  0.0200  60.4823
     30            0.7816        0.8030       0.6134            0.6134        0.9832  0.0200  61.1167
     31            0.7365        0.8104       0.5938            0.5938        1.0883  0.0200  60.6050
     32            0.6080        0.8456       0.4869            0.4869        1.3438  0.0200  60.9355
     33            0.8071        0.7819       0.6200            0.6200        0.9606  0.0199  60.2619
     34            0.7932        0.8196       0.6134            0.6134        0.9933  0.0199  60.8986
     35            0.8013        0.7967       0.6204            0.6204        0.9736  0.0199  63.3426
     36            0.7068        0.8150       0.5644            0.5644        1.1505  0.0199  61.1223
     37            0.7639        0.8059       0.5934            0.5934        1.0551  0.0199  66.9672
     38            0.7809        0.8106       0.6026            0.6026        1.0194  0.0199  68.1894
     39            0.7569        0.8055       0.5841            0.5841        1.0909  0.0199  66.3985
     40            0.7114        0.8168       0.5505            0.5505        1.1741  0.0199  66.6427
     41            0.7882        0.8002       0.6107            0.6107        0.9846  0.0199  67.0930
     42            0.8029        0.8092       0.6107            0.6107        0.9730  0.0199  62.8929
     43            0.7620        0.8050       0.5791            0.5791        1.1263  0.0199  67.6651
     44            0.8098        0.8055       0.6204            0.6204        1.0154  0.0199  66.3806
     45            0.7604        0.7640       0.5934            0.5934        1.0695  0.0199  72.8583
     46            0.7932        0.8073       0.6188            0.6188        0.9959  0.0199  67.2741
     47            0.8403        0.7795       0.6416            0.6416        0.9294  0.0199  64.4099
     48            0.7975        0.7525       0.6015            0.6015        1.0567  0.0199  65.3458
     49            0.7292        0.8220       0.5660            0.5660        1.1073  0.0199  66.6969
     50            0.7751        0.8183       0.6003            0.6003        1.0500  0.0199  65.3177
     51            0.8110        0.8024       0.6211            0.6211        0.9905  0.0199  68.2359
     52            0.8175        0.8001       0.5999            0.5999        1.0102  0.0199  70.3664
     53            0.8214        0.7760       0.6215            0.6215        0.9728  0.0199  62.6689
     54            0.8063        0.7795       0.6061            0.6061        1.0299  0.0199  71.9076
     55            0.8318        0.7890       0.6285            0.6285        0.9565  0.0199  66.5992
     56            0.8210        0.7755       0.6281            0.6281        0.9748  0.0199  63.9635
     57            0.7897        0.7940       0.5968            0.5968        1.1114  0.0198  61.5043
     58            0.8021        0.7799       0.6026            0.6026        1.0200  0.0198  65.9609
     59            0.7519        0.7783       0.5995            0.5995        1.0909  0.0198  63.6549
     60            0.8376        0.7848       0.6265            0.6265        0.9414  0.0198  72.0246
     61            0.8360        0.7727       0.6366            0.6366        0.9440  0.0198  67.0685
     62            0.7793        0.7484       0.6034            0.6034        1.0510  0.0198  63.9503
     63            0.7728        0.7619       0.5938            0.5938        1.1139  0.0198  65.4237
     64            0.8252        0.7776       0.6331            0.6331        1.0226  0.0198  63.0537
     65            0.7936        0.7475       0.5999            0.5999        1.0807  0.0198  61.1598
     66            0.6728        0.7811       0.5328            0.5328        1.5041  0.0198  62.9136
     67            0.8021        0.7874       0.6346            0.6346        1.0077  0.0198  59.3688
     68            0.6520        0.7572       0.5204            0.5204        1.3663  0.0198  58.4992
     69            0.8256        0.8156       0.6350            0.6350        1.0147  0.0198  62.3900
     70            0.8179        0.8437       0.6111            0.6111        1.0248  0.0198  60.1057
     71            0.7909        0.7985       0.6277            0.6277        1.0859  0.0198  62.3154
     72            0.8098        0.7762       0.6273            0.6273        1.0371  0.0198  61.5601
     73            0.8638        0.7491       0.6501            0.6501        0.9407  0.0197  60.8971
     74            0.8256        0.7914       0.6339            0.6339        0.9903  0.0197  61.6925
     75            0.8329        0.7544       0.6308            0.6308        0.9815  0.0197  60.2689
     76            0.8052        0.8110       0.6227            0.6227        1.0663  0.0197  59.7834
     77            0.8476        0.8218       0.6343            0.6343        0.9593  0.0197  60.0083
     78            0.7508        0.7930       0.5752            0.5752        1.1342  0.0197  61.1013
     79            0.8206        0.7960       0.6281            0.6281        1.0110  0.0197  57.7702
     80            0.7647        0.8236       0.5845            0.5845        1.1486  0.0197  57.1057
     81            0.8457        0.7640       0.6134            0.6134        1.0158  0.0197  59.9456
     82            0.8272        0.7589       0.6439            0.6439        1.0071  0.0197  56.8339
     83            0.8376        0.7703       0.6265            0.6265        0.9890  0.0197  66.5350
     84            0.8538        0.7538       0.6339            0.6339        0.9883  0.0197  58.9373
     85            0.7894        0.7664       0.6034            0.6034        1.2013  0.0197  60.4248
     86            0.8291        0.7927       0.6242            0.6242        1.0353  0.0196  60.6755
     87            0.8484        0.8027       0.6292            0.6292        1.0050  0.0196  62.0193
     88            0.8692        0.7506       0.6443            0.6443        0.9483  0.0196  59.4347
     89            0.8619        0.7596       0.6489            0.6489        0.9504  0.0196  58.0202
     90            0.8735        0.7401       0.6370            0.6370        0.9808  0.0196  60.2364
     91            0.7330        0.7238       0.5733            0.5733        1.2472  0.0196  63.5129
     92            0.8295        0.7505       0.6304            0.6304        1.0687  0.0196  62.1842
     93            0.8102        0.7525       0.6130            0.6130        1.1289  0.0196  61.0630
     94            0.7867        0.7581       0.5953            0.5953        1.2164  0.0196  62.2310
     95            0.8353        0.8114       0.6346            0.6346        1.0489  0.0196  61.2416
     96            0.8715        0.7879       0.6524            0.6524        0.9860  0.0196  59.6799
     97            0.8110        0.7717       0.6115            0.6115        1.1218  0.0195  58.9258
     98            0.8364        0.7757       0.6397            0.6397        0.9941  0.0195  56.6183
     99            0.8480        0.8066       0.6265            0.6265        1.0704  0.0195  59.3334
    100            0.7596        0.7467       0.5864            0.5864        1.2148  0.0195  61.4184
    101            0.8364        0.7480       0.6238            0.6238        1.0492  0.0195  59.8271
    102            0.8272        0.7394       0.6385            0.6385        1.0264  0.0195  60.5752
    103            0.8426        0.8109       0.6316            0.6316        1.0522  0.0195  56.2640
    104            0.8538        0.7748       0.6508            0.6508        1.0301  0.0195  56.9486
    105            0.7766        0.7375       0.5887            0.5887        1.2401  0.0195  61.2918
    106            0.8549        0.7902       0.6412            0.6412        1.0076  0.0195  60.4991
    107            0.8414        0.7232       0.6316            0.6316        1.0550  0.0194  59.2302
    108            0.8499        0.7705       0.6427            0.6427        1.1088  0.0194  61.3580
    109            0.8160        0.7576       0.6103            0.6103        1.1373  0.0194  58.8395
    110            0.8569        0.7593       0.6435            0.6435        0.9970  0.0194  59.0450
    111            0.8314        0.7925       0.6323            0.6323        1.0298  0.0194  59.6090
    112            0.8476        0.8714       0.6192            0.6192        1.0536  0.0194  61.0400
    113            0.8283        0.7806       0.6343            0.6343        1.0427  0.0194  62.4389
    114            0.8144        0.7849       0.6150            0.6150        1.0942  0.0194  64.3055
    115            0.8731        0.7036       0.6466            0.6466        0.9829  0.0194  61.0918
    116            0.8310        0.7637       0.6150            0.6150        1.1255  0.0194  62.6358
    117            0.8677        0.7970       0.6404            0.6404        1.0458  0.0193  62.4407
    118            0.8684        0.7662       0.6424            0.6424        0.9793  0.0193  68.1653
    119            0.7978        0.7410       0.6015            0.6015        1.1979  0.0193  78.7943
    120            0.8700        0.7363       0.6516            0.6516        1.0667  0.0193  78.1283
    121            0.8611        0.6901       0.6420            0.6420        1.0524  0.0193  63.3344
    122            0.8889        0.7687       0.6570            0.6570        1.0015  0.0193  64.9614
    123            0.8738        0.7340       0.6443            0.6443        1.0024  0.0193  60.7610
    124            0.8619        0.6819       0.6435            0.6435        1.0502  0.0193  61.4743
    125            0.8800        0.7037       0.6485            0.6485        1.0606  0.0192  59.5099
    126            0.8665        0.7059       0.6559            0.6559        1.0621  0.0192  60.8053
    127            0.8580        0.7597       0.6562            0.6562        1.0595  0.0192  59.7184
    128            0.8762        0.7514       0.6551            0.6551        0.9859  0.0192  60.2303
    129            0.8418        0.7122       0.6350            0.6350        1.1445  0.0192  60.2983
    130            0.8646        0.7235       0.6493            0.6493        1.0516  0.0192  59.2802
    131            0.8457        0.7703       0.6277            0.6277        1.1518  0.0192  60.8987
    132            0.8931        0.7495       0.6632            0.6632        0.9762  0.0192  57.9254
    133            0.8742        0.7498       0.6628            0.6628        0.9954  0.0192  59.0708
    134            0.8908        0.7553       0.6543            0.6543        0.9980  0.0191  59.1650
    135            0.8819        0.7045       0.6524            0.6524        1.0078  0.0191  58.6870
    136            0.8067        0.6670       0.6007            0.6007        1.1911  0.0191  64.5627
    137            0.8920        0.7584       0.6516            0.6516        1.0317  0.0191  59.3133
    138            0.8711        0.7439       0.6590            0.6590        1.0434  0.0191  60.2682
    139            0.8881        0.7194       0.6393            0.6393        1.0474  0.0191  59.8643
    140            0.8731        0.6525       0.6370            0.6370        1.0701  0.0191  57.8975
    141            0.8711        0.7218       0.6570            0.6570        1.0479  0.0190  61.1752
    142            0.8684        0.7338       0.6397            0.6397        1.1075  0.0190  62.4585
    143            0.8708        0.6608       0.6478            0.6478        1.0657  0.0190  63.7628
    144            0.8688        0.7024       0.6497            0.6497        1.0579  0.0190  61.3827
    145            0.8908        0.6994       0.6474            0.6474        1.0489  0.0190  57.9655
    146            0.8630        0.7007       0.6231            0.6231        1.1211  0.0190  59.9454
    147            0.8426        0.7624       0.6478            0.6478        1.0840  0.0190  60.1032
    148            0.8866        0.6925       0.6520            0.6520        1.0862  0.0190  60.1553
    149            0.8665        0.7530       0.6408            0.6408        1.1256  0.0189  58.0018
    150            0.8742        0.7176       0.6408            0.6408        1.1084  0.0189  61.1416
    151            0.8715        0.7584       0.6505            0.6505        1.0960  0.0189  62.3527
    152            0.8646        0.7640       0.6273            0.6273        1.1218  0.0189  60.2596
    153            0.8893        0.7900       0.6528            0.6528        1.0272  0.0189  60.0101
    154            0.8812        0.7396       0.6427            0.6427        1.1593  0.0189  58.6402
    155            0.8353        0.7298       0.6169            0.6169        1.2989  0.0189  61.4990
    156            0.9124        0.6777       0.6620            0.6620        1.0048  0.0188  57.5276
    157            0.8947        0.6666       0.6451            0.6451        1.1370  0.0188  60.6860
    158            0.8746        0.7324       0.6501            0.6501        1.0167  0.0188  57.5242
    159            0.8908        0.6437       0.6609            0.6609        1.0310  0.0188  60.2661
    160            0.8970        0.6899       0.6559            0.6559        1.0448  0.0188  60.4138
    161            0.8441        0.7391       0.6231            0.6231        1.2155  0.0188  58.7632
    162            0.8785        0.7072       0.6350            0.6350        1.1289  0.0187  56.8167
    163            0.8754        0.7472       0.6242            0.6242        1.1414  0.0187  58.6230
    164            0.8407        0.7576       0.6277            0.6277        1.2007  0.0187  59.4163
    165            0.8438        0.7777       0.6416            0.6416        1.1278  0.0187  59.6277
    166            0.8630        0.7413       0.6331            0.6331        1.1374  0.0187  59.1605
    167            0.9070        0.6574       0.6478            0.6478        1.0578  0.0187  60.9920
    168            0.8873        0.6740       0.6404            0.6404        1.0930  0.0187  59.1360
    169            0.8762        0.6629       0.6481            0.6481        1.1156  0.0186  61.1603
    170            0.9082        0.6750       0.6698            0.6698        1.0208  0.0186  60.8058
    171            0.9008        0.6853       0.6478            0.6478        1.0450  0.0186  61.6228
    172            0.8438        0.7658       0.6258            0.6258        1.1958  0.0186  60.9637
    173            0.8800        0.7198       0.6485            0.6485        1.1521  0.0186  60.9596
    174            0.9024        0.7257       0.6671            0.6671        1.0556  0.0186  58.4186
    175            0.8904        0.6941       0.6462            0.6462        1.0892  0.0185  60.3215
    176            0.8796        0.7286       0.6366            0.6366        1.2044  0.0185  59.2368
    177            0.8808        0.6841       0.6427            0.6427        1.1559  0.0185  57.8379
    178            0.8372        0.7034       0.6173            0.6173        1.2341  0.0185  60.1790
    179            0.8939        0.6969       0.6501            0.6501        1.1175  0.0185  57.3205
    180            0.8515        0.6685       0.6161            0.6161        1.1779  0.0185  60.8021
    181            0.9163        0.6334       0.6520            0.6520        1.0925  0.0184  61.5296
    182            0.8700        0.6681       0.6227            0.6227        1.2142  0.0184  59.0771
    183            0.8920        0.6638       0.6370            0.6370        1.1237  0.0184  58.1468
    184            0.8611        0.6494       0.6296            0.6296        1.2062  0.0184  62.4327
    185            0.8665        0.6821       0.6196            0.6196        1.2788  0.0184  61.2484
    186            0.9113        0.6788       0.6524            0.6524        1.0730  0.0184  60.6932
    187            0.9066        0.7052       0.6590            0.6590        1.0889  0.0183  59.5885
    188            0.8850        0.6556       0.6304            0.6304        1.1595  0.0183  60.0566
    189            0.9120        0.7478       0.6647            0.6647        1.0714  0.0183  58.2977
    190            0.8846        0.7223       0.6373            0.6373        1.1566  0.0183  57.8172
    191            0.8962        0.7204       0.6705            0.6705        1.0957  0.0183  59.2044
    192            0.8762        0.6755       0.6204            0.6204        1.1994  0.0182  58.1194
    193            0.8889        0.7027       0.6493            0.6493        1.1714  0.0182  61.3115
    194            0.9043        0.6628       0.6508            0.6508        1.1058  0.0182  58.0989
    195            0.8897        0.6924       0.6485            0.6485        1.1739  0.0182  56.8678
    196            0.9163        0.6740       0.6562            0.6562        1.0645  0.0182  58.6821
    197            0.9016        0.6788       0.6481            0.6481        1.1426  0.0182  58.8327
    198            0.9174        0.7240       0.6640            0.6640        1.0718  0.0181  63.4833
    199            0.8839        0.6951       0.6651            0.6651        1.1442  0.0181  61.5387
    200            0.8870        0.6752       0.6304            0.6304        1.2391  0.0181  62.5732
    201            0.8981        0.6679       0.6427            0.6427        1.1286  0.0181  59.4494
    202            0.8827        0.7274       0.6350            0.6350        1.2241  0.0181  63.0832
    203            0.9124        0.6748       0.6632            0.6632        1.0753  0.0180  59.5875
    204            0.9174        0.6937       0.6640            0.6640        1.0894  0.0180  60.5124
    205            0.8573        0.6339       0.6184            0.6184        1.2490  0.0180  59.1026
    206            0.8981        0.6640       0.6435            0.6435        1.1240  0.0180  59.9306
    207            0.9128        0.6617       0.6528            0.6528        1.0661  0.0180  58.2082
    208            0.9267        0.6314       0.6644            0.6644        1.0722  0.0180  59.3142
    209            0.8399        0.6885       0.6219            0.6219        1.2585  0.0179  59.5640
    210            0.9039        0.6357       0.6481            0.6481        1.1473  0.0179  59.5339
    211            0.8623        0.6452       0.6046            0.6046        1.3093  0.0179  59.0200
    212            0.9360        0.7240       0.6721            0.6721        1.0598  0.0179  58.2111
    213            0.9039        0.6507       0.6543            0.6543        1.0816  0.0179  56.1705
    214            0.9290        0.6325       0.6744            0.6744        1.0642  0.0178  56.0190
    215            0.9144        0.6103       0.6404            0.6404        1.1519  0.0178  60.0380
    216            0.9194        0.6239       0.6566            0.6566        1.0625  0.0178  61.3826
    217            0.8665        0.6260       0.6358            0.6358        1.1850  0.0178  59.8545
    218            0.9028        0.6111       0.6397            0.6397        1.1293  0.0178  61.0729
    219            0.9113        0.6846       0.6539            0.6539        1.0882  0.0177  61.4388
    220            0.9290        0.6134       0.6582            0.6582        1.1016  0.0177  59.1475
    221            0.9325        0.6541       0.6698            0.6698        1.0470  0.0177  60.4374
    222            0.9074        0.6576       0.6331            0.6331        1.2087  0.0177  78.0534
    223            0.9302        0.6472       0.6578            0.6578        1.1062  0.0177  74.7288
    224            0.9248        0.5813       0.6617            0.6617        1.1097  0.0176  66.0996
    225            0.9205        0.6053       0.6508            0.6508        1.1453  0.0176  68.4846
    226            0.9232        0.6703       0.6586            0.6586        1.1484  0.0176  73.9823
    227            0.9213        0.6686       0.6578            0.6578        1.1480  0.0176  70.5194
    228            0.9140        0.6291       0.6674            0.6674        1.1099  0.0176  62.4730
    229            0.9306        0.6588       0.6478            0.6478        1.1783  0.0175  63.6914
    230            0.8954        0.6625       0.6443            0.6443        1.2040  0.0175  69.0095
    231            0.9259        0.6776       0.6632            0.6632        1.1003  0.0175  64.1597
    232            0.9198        0.6532       0.6551            0.6551        1.1872  0.0175  65.5360
    233            0.9120        0.6388       0.6597            0.6597        1.1301  0.0175  64.1207
    234            0.9008        0.6445       0.6512            0.6512        1.1497  0.0174  67.9835
    235            0.9209        0.6302       0.6535            0.6535        1.1391  0.0174  69.4151
    236            0.8981        0.6517       0.6478            0.6478        1.1636  0.0174  66.4946
    237            0.9082        0.6474       0.6535            0.6535        1.1854  0.0174  68.4724
    238            0.9132        0.6620       0.6420            0.6420        1.1601  0.0173  66.7195
    239            0.9321        0.5977       0.6667            0.6667        1.1134  0.0173  65.2932
    240            0.9194        0.6448       0.6520            0.6520        1.1835  0.0173  71.0708
    241            0.9232        0.6187       0.6389            0.6389        1.1742  0.0173  62.3374
    242            0.9398        0.5895       0.6593            0.6593        1.0975  0.0173  65.6889
    243            0.8796        0.6132       0.6412            0.6412        1.2091  0.0172  63.9002
    244            0.9178        0.6098       0.6605            0.6605        1.1435  0.0172  61.8927
    245            0.9483        0.6021       0.6698            0.6698        1.1015  0.0172  63.8865
    246            0.9313        0.6499       0.6617            0.6617        1.1611  0.0172  62.6166
Stopping since valid_loss has not improved in the last 200 epochs.
Elapsed time: 19769.561596393585 seconds
