  epoch    train_accuracy    train_loss    valid_acc    valid_accuracy    valid_loss      lr      dur
-------  ----------------  ------------  -----------  ----------------  ------------  ------  -------
      1            0.3264        6.0128       0.2535            0.2535        8.8518  0.0200  39.8084
      2            0.2639        3.7390       0.2535            0.2535        7.6969  0.0200  37.7236
      3            0.3542        2.4718       0.2465            0.2465        3.1404  0.0200  30.8240
      4            0.3403        1.9212       0.2604            0.2604        1.6943  0.0200  31.1492
      5            0.3368        1.5685       0.2326            0.2326        1.6576  0.0199  31.5543
      6            0.3576        1.5381       0.2812            0.2812        1.5334  0.0199  30.2291
      7            0.3194        1.4047       0.2604            0.2604        1.5379  0.0198  30.5334
      8            0.3229        1.4215       0.2361            0.2361        1.4975  0.0198  33.4236
      9            0.3333        1.3627       0.2396            0.2396        1.4773  0.0197  32.5957
     10            0.3750        1.3012       0.2569            0.2569        1.5464  0.0196  30.1663
     11            0.3056        1.3901       0.2708            0.2708        1.6884  0.0195  31.8263
     12            0.2569        1.4041       0.2465            0.2465        1.7853  0.0194  31.0966
     13            0.2639        1.3748       0.2535            0.2535        1.6407  0.0193  30.9106
     14            0.2847        1.2730       0.3056            0.3056        1.7433  0.0192  31.4185
     15            0.3299        1.1814       0.3090            0.3090        1.4115  0.0190  30.3602
     16            0.3854        1.0912       0.3264            0.3264        1.3829  0.0189  30.3265
     17            0.4167        1.0948       0.3924            0.3924        1.4787  0.0187  30.3661
     18            0.4549        1.0191       0.4201            0.4201        1.1992  0.0186  31.1720
     19            0.4514        0.9902       0.4167            0.4167        1.2721  0.0184  30.9951
     20            0.4826        0.9982       0.4444            0.4444        1.2028  0.0182  30.3658
     21            0.5521        0.9605       0.4410            0.4410        1.0869  0.0181  30.8290
     22            0.5312        0.9283       0.4896            0.4896        1.1387  0.0179  30.0698
     23            0.5764        0.8976       0.5347            0.5347        0.9888  0.0177  30.9896
     24            0.4861        0.8754       0.4549            0.4549        1.2968  0.0175  31.6136
     25            0.5521        0.9312       0.4757            0.4757        1.0425  0.0172  31.0943
     26            0.5347        0.8704       0.4826            0.4826        1.0976  0.0170  30.7053
     27            0.4965        0.8213       0.4618            0.4618        1.1774  0.0168  31.3068
     28            0.4965        0.8213       0.4618            0.4618        1.1462  0.0165  30.7284
     29            0.5174        0.8551       0.4722            0.4722        1.1571  0.0163  31.1525
     30            0.5486        0.8437       0.5035            0.5035        1.0610  0.0161  29.5235
     31            0.5347        0.8284       0.4757            0.4757        1.1135  0.0158  38.1778
     32            0.6285        0.8545       0.5139            0.5139        0.9970  0.0155  54.3915
     33            0.6042        0.8582       0.5000            0.5000        1.0935  0.0153  60.5460
     34            0.5764        0.7914       0.4757            0.4757        1.0834  0.0150  56.6269
     35            0.6389        0.8049       0.5208            0.5208        1.0645  0.0147  56.2855
     36            0.5590        0.7749       0.4896            0.4896        1.0946  0.0144  56.8711
     37            0.6146        0.7565       0.5000            0.5000        0.9983  0.0142  58.5893
     38            0.5868        0.7537       0.5104            0.5104        1.0587  0.0139  59.5610
     39            0.6250        0.7367       0.5139            0.5139        1.0358  0.0136  56.2531
     40            0.6458        0.8072       0.5208            0.5208        1.0554  0.0133  57.2940
     41            0.6875        0.7127       0.5486            0.5486        0.9572  0.0130  57.8447
     42            0.5521        0.8480       0.4688            0.4688        1.1748  0.0127  54.8482
     43            0.6840        0.7412       0.5312            0.5312        1.0404  0.0124  55.7232
     44            0.6285        0.7574       0.5174            0.5174        1.0437  0.0120  54.8905
     45            0.6597        0.7253       0.4896            0.4896        1.0573  0.0117  56.0665
     46            0.5729        0.7538       0.4931            0.4931        1.0979  0.0114  62.0178
     47            0.6458        0.6896       0.5139            0.5139        0.9938  0.0111  59.4447
     48            0.6250        0.6864       0.5104            0.5104        1.0303  0.0108  56.6993
     49            0.6319        0.6895       0.5208            0.5208        1.0586  0.0105  55.3639
     50            0.6806        0.7315       0.5486            0.5486        0.9505  0.0102  56.3025
     51            0.6111        0.7156       0.5139            0.5139        1.0938  0.0098  61.6497
     52            0.6944        0.6761       0.5382            0.5382        1.0225  0.0095  57.0883
     53            0.6146        0.6820       0.5104            0.5104        1.0565  0.0092  58.0977
     54            0.6597        0.6705       0.5139            0.5139        1.0700  0.0089  60.6238
     55            0.6875        0.7037       0.5278            0.5278        1.0627  0.0086  56.0114
     56            0.6632        0.6498       0.5139            0.5139        1.0484  0.0083  56.5002
     57            0.6910        0.5978       0.5382            0.5382        1.0021  0.0080  55.8543
     58            0.6458        0.6471       0.5139            0.5139        1.0758  0.0076  55.4457
     59            0.6632        0.6319       0.5208            0.5208        1.0765  0.0073  59.5370
     60            0.6458        0.6600       0.5174            0.5174        1.0548  0.0070  56.6448
     61            0.6632        0.6581       0.5417            0.5417        1.0685  0.0067  56.1671
     62            0.6944        0.6189       0.5451            0.5451        1.0497  0.0064  55.4246
     63            0.7431        0.6720       0.5243            0.5243        1.0047  0.0061  56.1856
     64            0.6667        0.6270       0.5347            0.5347        1.0434  0.0058  57.9308
     65            0.6944        0.6122       0.5312            0.5312        1.0553  0.0056  55.5470
     66            0.7083        0.5890       0.5208            0.5208        1.0453  0.0053  55.2320
     67            0.7153        0.6208       0.5382            0.5382        1.0494  0.0050  56.3097
Stopping since valid_loss has not improved in the last 18 epochs.
Elapsed time: 3739.9575324058533 seconds
Used Annotations descriptions: ['feet', 'left_hand', 'right_hand', 'tongue']
Used Annotations descriptions: ['feet', 'left_hand', 'right_hand', 'tongue']
Used Annotations descriptions: ['feet', 'left_hand', 'right_hand', 'tongue']
Used Annotations descriptions: ['feet', 'left_hand', 'right_hand', 'tongue']
Used Annotations descriptions: ['feet', 'left_hand', 'right_hand', 'tongue']
Used Annotations descriptions: ['feet', 'left_hand', 'right_hand', 'tongue']
Used Annotations descriptions: ['feet', 'left_hand', 'right_hand', 'tongue']
Used Annotations descriptions: ['feet', 'left_hand', 'right_hand', 'tongue']
Used Annotations descriptions: ['feet', 'left_hand', 'right_hand', 'tongue']
Used Annotations descriptions: ['feet', 'left_hand', 'right_hand', 'tongue']
Used Annotations descriptions: ['feet', 'left_hand', 'right_hand', 'tongue']
Used Annotations descriptions: ['feet', 'left_hand', 'right_hand', 'tongue']
