  epoch    train_accuracy    train_loss    valid_acc    valid_accuracy    valid_loss      lr      dur
-------  ----------------  ------------  -----------  ----------------  ------------  ------  -------
      1            0.3194        6.1275       0.2604            0.2604        9.8119  0.0200  21.9460
      2            0.2847        3.2717       0.2431            0.2431        6.9076  0.0200  22.2022
      3            0.3299        1.9479       0.2431            0.2431        2.1077  0.0200  22.6566
      4            0.3576        1.8672       0.2917            0.2917        1.6001  0.0200  23.6220
      5            0.3715        1.6825       0.3611            0.3611        1.4693  0.0199  25.2658
      6            0.3646        1.4623       0.3056            0.3056        1.4989  0.0199  22.5885
      7            0.3368        1.3828       0.3090            0.3090        1.4374  0.0198  25.0118
      8            0.3750        1.3875       0.2812            0.2812        1.5193  0.0198  21.3478
      9            0.3507        1.3960       0.2778            0.2778        1.5003  0.0197  21.1256
     10            0.4132        1.3855       0.2604            0.2604        1.4156  0.0196  21.2857
     11            0.3507        1.3492       0.2500            0.2500        1.7247  0.0195  20.8738
     12            0.3924        1.3729       0.2812            0.2812        1.4486  0.0194  23.3432
     13            0.3715        1.3399       0.2708            0.2708        1.5618  0.0193  22.1840
     14            0.3681        1.3389       0.2396            0.2396        1.6006  0.0192  21.7419
     15            0.4028        1.2748       0.3021            0.3021        1.4641  0.0190  22.0382
     16            0.2708        1.2812       0.2674            0.2674        1.9897  0.0189  22.7803
     17            0.3646        1.3001       0.2500            0.2500        1.4755  0.0187  19.6949
     18            0.3299        1.2593       0.2778            0.2778        1.5466  0.0186  23.9180
     19            0.3194        1.2907       0.2674            0.2674        1.5960  0.0184  24.0855
     20            0.4583        1.2768       0.2882            0.2882        1.4700  0.0182  24.1052
     21            0.4271        1.2142       0.3125            0.3125        1.5029  0.0181  24.2246
     22            0.4653        1.2071       0.3160            0.3160        1.3886  0.0179  21.8681
     23            0.4583        1.1514       0.3368            0.3368        1.4196  0.0177  22.2761
     24            0.5174        1.1897       0.3299            0.3299        1.3954  0.0175  20.0789
     25            0.4271        1.1856       0.3090            0.3090        1.4337  0.0172  21.9276
     26            0.4062        1.2072       0.2812            0.2812        1.5243  0.0170  22.5656
     27            0.5347        1.1668       0.3819            0.3819        1.3147  0.0168  21.5353
     28            0.4792        1.1583       0.3472            0.3472        1.4031  0.0165  20.4554
     29            0.4861        1.1177       0.3507            0.3507        1.4206  0.0163  22.2609
     30            0.5590        1.1026       0.3472            0.3472        1.3501  0.0161  21.6070
     31            0.5035        1.1227       0.3264            0.3264        1.4456  0.0158  21.0440
     32            0.5382        1.0691       0.3299            0.3299        1.4149  0.0155  23.4597
     33            0.4757        1.0979       0.3542            0.3542        1.4603  0.0153  26.1334
     34            0.5208        1.0807       0.3056            0.3056        1.3963  0.0150  25.1020
     35            0.6285        1.0725       0.3507            0.3507        1.3395  0.0147  22.5824
     36            0.5417        1.0040       0.3368            0.3368        1.4096  0.0144  21.9629
     37            0.5694        1.0241       0.3368            0.3368        1.3850  0.0142  21.9674
     38            0.6181        1.0374       0.3854            0.3854        1.3682  0.0139  22.2345
     39            0.6111        1.1053       0.3576            0.3576        1.3698  0.0136  21.0244
     40            0.6389        1.0676       0.3472            0.3472        1.3869  0.0133  21.7303
     41            0.6285        0.9628       0.3646            0.3646        1.3941  0.0130  21.8481
     42            0.5174        1.0097       0.3229            0.3229        1.5382  0.0127  22.6950
     43            0.6389        0.9756       0.3646            0.3646        1.4342  0.0124  21.9897
     44            0.6007        0.9150       0.3507            0.3507        1.4301  0.0120  21.1484
Stopping since valid_loss has not improved in the last 18 epochs.
Elapsed time: 1211.1970357894897 seconds
Used Annotations descriptions: ['feet', 'left_hand', 'right_hand', 'tongue']
Used Annotations descriptions: ['feet', 'left_hand', 'right_hand', 'tongue']
Used Annotations descriptions: ['feet', 'left_hand', 'right_hand', 'tongue']
Used Annotations descriptions: ['feet', 'left_hand', 'right_hand', 'tongue']
Used Annotations descriptions: ['feet', 'left_hand', 'right_hand', 'tongue']
Used Annotations descriptions: ['feet', 'left_hand', 'right_hand', 'tongue']
Used Annotations descriptions: ['feet', 'left_hand', 'right_hand', 'tongue']
Used Annotations descriptions: ['feet', 'left_hand', 'right_hand', 'tongue']
Used Annotations descriptions: ['feet', 'left_hand', 'right_hand', 'tongue']
Used Annotations descriptions: ['feet', 'left_hand', 'right_hand', 'tongue']
Used Annotations descriptions: ['feet', 'left_hand', 'right_hand', 'tongue']
Used Annotations descriptions: ['feet', 'left_hand', 'right_hand', 'tongue']
