  epoch    train_accuracy    train_loss    valid_acc    valid_accuracy    valid_loss      lr      dur
-------  ----------------  ------------  -----------  ----------------  ------------  ------  -------
      1            0.2500        5.7603       0.2500            0.2500       38.8697  0.0200  48.0070
      2            0.2569        3.0555       0.2708            0.2708        5.2652  0.0200  47.0978
      3            0.2986        2.0325       0.2569            0.2569        2.2465  0.0200  47.3231
      4            0.3333        1.9175       0.2847            0.2847        1.4494  0.0200  51.4836
      5            0.3819        1.6281       0.2535            0.2535        1.5019  0.0199  47.2104
      6            0.3681        1.5020       0.3160            0.3160        1.3751  0.0199  53.7013
      7            0.3403        1.4837       0.2882            0.2882        1.5298  0.0198  47.7157
      8            0.3924        1.4381       0.3576            0.3576        1.3251  0.0198  45.4654
      9            0.3542        1.4405       0.3299            0.3299        1.4427  0.0197  46.7167
     10            0.4167        1.3966       0.3160            0.3160        1.3357  0.0196  47.0880
     11            0.3264        1.3753       0.2882            0.2882        1.4666  0.0195  46.6664
     12            0.3472        1.3532       0.2778            0.2778        1.4478  0.0194  46.7664
     13            0.3438        1.3714       0.3090            0.3090        1.5665  0.0193  46.4033
     14            0.3854        1.3668       0.3056            0.3056        1.4104  0.0192  37.0694
     15            0.4097        1.4148       0.2882            0.2882        1.3751  0.0190  36.3500
     16            0.3854        1.3512       0.3194            0.3194        1.3668  0.0189  35.5804
     17            0.4062        1.3628       0.3368            0.3368        1.4037  0.0187  35.6450
     18            0.3993        1.3773       0.3299            0.3299        1.3778  0.0186  36.5834
     19            0.4167        1.3550       0.3333            0.3333        1.3531  0.0184  39.1238
     20            0.4479        1.3098       0.3681            0.3681        1.2995  0.0182  36.9356
     21            0.3889        1.3043       0.2917            0.2917        1.4055  0.0181  37.0252
     22            0.3507        1.2767       0.3299            0.3299        1.5000  0.0179  36.3490
     23            0.4826        1.3166       0.3542            0.3542        1.3369  0.0177  36.4683
     24            0.4236        1.3035       0.3403            0.3403        1.3572  0.0175  36.6393
     25            0.5174        1.2470       0.3958            0.3958        1.2882  0.0172  36.6682
     26            0.5035        1.3501       0.3368            0.3368        1.3208  0.0170  35.1948
     27            0.4757        1.3222       0.3611            0.3611        1.3300  0.0168  35.4760
     28            0.4444        1.2545       0.3368            0.3368        1.3444  0.0165  36.1156
     29            0.4236        1.2671       0.3507            0.3507        1.3866  0.0163  36.0507
     30            0.4201        1.2271       0.3715            0.3715        1.4169  0.0161  36.9424
     31            0.4653        1.2584       0.3472            0.3472        1.3172  0.0158  32.5844
     32            0.5174        1.2353       0.3681            0.3681        1.3116  0.0155  29.5846
     33            0.4861        1.2410       0.3333            0.3333        1.3777  0.0153  30.0859
     34            0.4271        1.2087       0.3715            0.3715        1.3627  0.0150  29.5080
     35            0.5104        1.1607       0.3958            0.3958        1.2726  0.0147  30.2458
     36            0.4132        1.2250       0.3333            0.3333        1.3617  0.0144  30.2739
     37            0.4618        1.1626       0.3715            0.3715        1.3427  0.0142  29.7694
     38            0.5139        1.1357       0.3889            0.3889        1.3091  0.0139  30.1246
     39            0.5417        1.2001       0.3924            0.3924        1.3294  0.0136  28.7345
     40            0.5174        1.1907       0.3542            0.3542        1.3175  0.0133  28.2867
     41            0.4792        1.1653       0.3576            0.3576        1.3866  0.0130  29.8016
     42            0.4549        1.1229       0.3333            0.3333        1.4204  0.0127  28.7613
     43            0.5312        1.1250       0.3611            0.3611        1.3826  0.0124  28.9537
     44            0.5729        1.1451       0.3403            0.3403        1.3590  0.0120  28.4871
     45            0.5451        1.1682       0.3438            0.3438        1.3879  0.0117  28.0196
     46            0.6076        1.1375       0.3854            0.3854        1.3054  0.0114  27.9905
     47            0.5347        1.1513       0.3472            0.3472        1.4118  0.0111  28.3434
     48            0.5903        1.1188       0.3750            0.3750        1.3332  0.0108  28.2263
     49            0.5486        1.1450       0.3646            0.3646        1.3411  0.0105  28.1235
     50            0.4861        1.0925       0.3819            0.3819        1.4119  0.0102  28.6007
     51            0.6111        1.0850       0.3785            0.3785        1.3148  0.0098  30.1717
     52            0.6146        1.0902       0.3924            0.3924        1.3178  0.0095  29.7349
Stopping since valid_loss has not improved in the last 18 epochs.
Elapsed time: 2314.7195856571198 seconds
Used Annotations descriptions: ['feet', 'left_hand', 'right_hand', 'tongue']
Used Annotations descriptions: ['feet', 'left_hand', 'right_hand', 'tongue']
Used Annotations descriptions: ['feet', 'left_hand', 'right_hand', 'tongue']
Used Annotations descriptions: ['feet', 'left_hand', 'right_hand', 'tongue']
Used Annotations descriptions: ['feet', 'left_hand', 'right_hand', 'tongue']
Used Annotations descriptions: ['feet', 'left_hand', 'right_hand', 'tongue']
Used Annotations descriptions: ['feet', 'left_hand', 'right_hand', 'tongue']
Used Annotations descriptions: ['feet', 'left_hand', 'right_hand', 'tongue']
Used Annotations descriptions: ['feet', 'left_hand', 'right_hand', 'tongue']
Used Annotations descriptions: ['feet', 'left_hand', 'right_hand', 'tongue']
Used Annotations descriptions: ['feet', 'left_hand', 'right_hand', 'tongue']
Used Annotations descriptions: ['feet', 'left_hand', 'right_hand', 'tongue']
