  epoch    train_accuracy    train_loss    valid_acc    valid_accuracy    valid_loss      lr      dur
-------  ----------------  ------------  -----------  ----------------  ------------  ------  -------
      1            0.2500        6.6693       0.2500            0.2500       15.1863  0.0200  48.0726
      2            0.2951        3.4598       0.2465            0.2465        3.1297  0.0200  45.9788
      3            0.2847        2.2028       0.2396            0.2396        2.5752  0.0200  47.1735
      4            0.3472        1.7771       0.3194            0.3194        1.8250  0.0200  46.5233
      5            0.3958        1.5697       0.3507            0.3507        1.5070  0.0199  47.3629
      6            0.4028        1.4356       0.3542            0.3542        1.4919  0.0199  53.9563
      7            0.4236        1.4300       0.3854            0.3854        1.4156  0.0198  47.1467
      8            0.4271        1.3259       0.3542            0.3542        1.3438  0.0198  49.0156
      9            0.4271        1.3721       0.3576            0.3576        1.3641  0.0197  54.0433
     10            0.4062        1.2693       0.3681            0.3681        1.3618  0.0196  53.1037
     11            0.3889        1.3039       0.3646            0.3646        1.3685  0.0195  49.3848
     12            0.4514        1.3049       0.3333            0.3333        1.3368  0.0194  49.3398
     13            0.3958        1.2954       0.3785            0.3785        1.3763  0.0193  48.8137
     14            0.3924        1.2495       0.3160            0.3160        1.3637  0.0192  50.0498
     15            0.4826        1.2800       0.3507            0.3507        1.3304  0.0190  51.4427
     16            0.4410        1.2327       0.4132            0.4132        1.3176  0.0189  49.5122
     17            0.4028        1.2200       0.3889            0.3889        1.3168  0.0187  48.1299
     18            0.4062        1.2120       0.3194            0.3194        1.3351  0.0186  48.6438
     19            0.4931        1.1700       0.3958            0.3958        1.2796  0.0184  49.9883
     20            0.5104        1.2441       0.3993            0.3993        1.2880  0.0182  48.1352
     21            0.5000        1.2099       0.3472            0.3472        1.3056  0.0181  49.3195
     22            0.4861        1.1760       0.3993            0.3993        1.2899  0.0179  49.2650
     23            0.5243        1.1464       0.4410            0.4410        1.2420  0.0177  49.7822
     24            0.4722        1.1662       0.3819            0.3819        1.2605  0.0175  48.6684
     25            0.5312        1.1294       0.4306            0.4306        1.2262  0.0172  52.1353
     26            0.5000        1.1620       0.4410            0.4410        1.2292  0.0170  47.9568
     27            0.5382        1.1673       0.4688            0.4688        1.1988  0.0168  47.3862
     28            0.5174        1.2016       0.4479            0.4479        1.1892  0.0165  47.0328
     29            0.4861        1.1336       0.4514            0.4514        1.2196  0.0163  47.0899
     30            0.5174        1.0651       0.4236            0.4236        1.1892  0.0161  47.3306
     31            0.5243        1.1203       0.4792            0.4792        1.1392  0.0158  47.8686
     32            0.5104        1.1244       0.4931            0.4931        1.1424  0.0155  47.4186
     33            0.5660        1.0486       0.4688            0.4688        1.1450  0.0153  46.1642
     34            0.5243        1.0868       0.5243            0.5243        1.1216  0.0150  47.1440
     35            0.5312        1.0268       0.4861            0.4861        1.1308  0.0147  47.8343
     36            0.5903        1.1016       0.4722            0.4722        1.1362  0.0144  47.3586
     37            0.5278        1.0825       0.4861            0.4861        1.1225  0.0142  47.1297
     38            0.5868        1.1005       0.5174            0.5174        1.0739  0.0139  45.9895
     39            0.5799        1.0616       0.4861            0.4861        1.0972  0.0136  41.3335
     40            0.5972        1.0605       0.4792            0.4792        1.0891  0.0133  50.5877
     41            0.5451        1.0654       0.4826            0.4826        1.1415  0.0130  48.5604
     42            0.6458        1.0937       0.4861            0.4861        1.0725  0.0127  47.0103
     43            0.5938        1.0440       0.4861            0.4861        1.0878  0.0124  47.4265
     44            0.6146        1.0208       0.5139            0.5139        1.0854  0.0120  47.5607
     45            0.6285        1.0130       0.4965            0.4965        1.1101  0.0117  47.4504
     46            0.6007        1.0222       0.4618            0.4618        1.1083  0.0114  45.9807
     47            0.6111        1.0556       0.4896            0.4896        1.1082  0.0111  47.0934
     48            0.6562        0.9758       0.4757            0.4757        1.1158  0.0108  47.6200
     49            0.5833        0.9576       0.4792            0.4792        1.1337  0.0105  47.4390
     50            0.6701        0.9939       0.4757            0.4757        1.1174  0.0102  46.8862
     51            0.5972        0.9450       0.5000            0.5000        1.0972  0.0098  46.6766
     52            0.5903        1.0051       0.5104            0.5104        1.0654  0.0095  46.9796
     53            0.6667        0.9500       0.5174            0.5174        1.0539  0.0092  45.9633
     54            0.5694        0.9202       0.5243            0.5243        1.0971  0.0089  46.8452
     55            0.6632        0.9535       0.4931            0.4931        1.0912  0.0086  47.3112
     56            0.6806        0.9459       0.4931            0.4931        1.1016  0.0083  47.2657
     57            0.6076        0.9249       0.5104            0.5104        1.0626  0.0080  45.7476
     58            0.6354        0.9481       0.5104            0.5104        1.0483  0.0076  47.4829
     59            0.6354        0.9599       0.5278            0.5278        1.0571  0.0073  49.4237
     60            0.6875        0.8859       0.5208            0.5208        1.0211  0.0070  47.8038
     61            0.7014        0.9291       0.5104            0.5104        1.0401  0.0067  46.1339
     62            0.6667        0.9371       0.5312            0.5312        1.0603  0.0064  46.7503
     63            0.7465        0.9050       0.5000            0.5000        1.0578  0.0061  47.1513
     64            0.6667        0.8894       0.5243            0.5243        1.0373  0.0058  46.9737
     65            0.6736        0.8515       0.5382            0.5382        1.0327  0.0056  47.0386
     66            0.7396        0.8588       0.5347            0.5347        1.0635  0.0053  46.8813
     67            0.6875        0.8254       0.4965            0.4965        1.0645  0.0050  46.7024
     68            0.7188        0.8813       0.5174            0.5174        1.0569  0.0047  47.4395
     69            0.6771        0.8549       0.5243            0.5243        1.0465  0.0045  48.7020
     70            0.7604        0.8769       0.5174            0.5174        1.0418  0.0042  47.6680
     71            0.7222        0.8891       0.5278            0.5278        1.0307  0.0039  47.1267
     72            0.7188        0.8475       0.5243            0.5243        1.0237  0.0037  48.3987
     73            0.7014        0.8661       0.5312            0.5312        1.0275  0.0035  46.6368
     74            0.7292        0.8023       0.5243            0.5243        1.0172  0.0032  47.0748
     75            0.7361        0.8323       0.5312            0.5312        1.0101  0.0030  46.8893
     76            0.7361        0.9035       0.5208            0.5208        1.0092  0.0028  46.6781
     77            0.7326        0.8606       0.5243            0.5243        1.0128  0.0025  46.5220
     78            0.7257        0.8484       0.5243            0.5243        1.0170  0.0023  47.1151
     79            0.7465        0.7729       0.5208            0.5208        1.0161  0.0021  47.3247
     80            0.7431        0.8228       0.5139            0.5139        1.0205  0.0019  48.6033
     81            0.7500        0.7854       0.5069            0.5069        1.0190  0.0018  50.6398
     82            0.7465        0.8271       0.5174            0.5174        1.0228  0.0016  46.5525
     83            0.7708        0.8098       0.5312            0.5312        1.0125  0.0014  47.5646
     84            0.7951        0.8025       0.5174            0.5174        1.0194  0.0013  47.3899
     85            0.7951        0.8141       0.5243            0.5243        1.0280  0.0011  47.3014
     86            0.7778        0.8112       0.5174            0.5174        1.0286  0.0010  47.1307
     87            0.7500        0.8806       0.5312            0.5312        1.0241  0.0008  47.0932
     88            0.7500        0.7706       0.5417            0.5417        1.0176  0.0007  47.1645
     89            0.7465        0.7748       0.5417            0.5417        1.0123  0.0006  47.4297
     90            0.7569        0.8235       0.5486            0.5486        1.0111  0.0005  46.2494
     91            0.7743        0.7957       0.5486            0.5486        1.0108  0.0004  47.2905
     92            0.7778        0.7726       0.5451            0.5451        1.0096  0.0003  47.1926
     93            0.7847        0.7892       0.5417            0.5417        1.0083  0.0002  47.1714
     94            0.7812        0.8473       0.5451            0.5451        1.0056  0.0002  46.4638
     95            0.7847        0.7920       0.5451            0.5451        1.0054  0.0001  47.5245
     96            0.7812        0.8218       0.5486            0.5486        1.0057  0.0001  47.0814
     97            0.7847        0.7798       0.5417            0.5417        1.0053  0.0000  46.0406
     98            0.7847        0.8235       0.5417            0.5417        1.0048  0.0000  46.6969
     99            0.7847        0.8180       0.5417            0.5417        1.0055  0.0000  52.2876
    100            0.7812        0.7964       0.5451            0.5451        1.0059  0.0000  47.2071
Elapsed time: 5774.358960390091 seconds
Used Annotations descriptions: ['feet', 'left_hand', 'right_hand', 'tongue']
Used Annotations descriptions: ['feet', 'left_hand', 'right_hand', 'tongue']
Used Annotations descriptions: ['feet', 'left_hand', 'right_hand', 'tongue']
Used Annotations descriptions: ['feet', 'left_hand', 'right_hand', 'tongue']
Used Annotations descriptions: ['feet', 'left_hand', 'right_hand', 'tongue']
Used Annotations descriptions: ['feet', 'left_hand', 'right_hand', 'tongue']
Used Annotations descriptions: ['feet', 'left_hand', 'right_hand', 'tongue']
Used Annotations descriptions: ['feet', 'left_hand', 'right_hand', 'tongue']
Used Annotations descriptions: ['feet', 'left_hand', 'right_hand', 'tongue']
Used Annotations descriptions: ['feet', 'left_hand', 'right_hand', 'tongue']
Used Annotations descriptions: ['feet', 'left_hand', 'right_hand', 'tongue']
Used Annotations descriptions: ['feet', 'left_hand', 'right_hand', 'tongue']
