  epoch    train_accuracy    train_loss    valid_acc    valid_accuracy    valid_loss      lr      dur
-------  ----------------  ------------  -----------  ----------------  ------------  ------  -------
      1            0.2882        7.4172       0.2535            0.2535       23.9315  0.0200  27.6407
      2            0.2882        4.5468       0.2708            0.2708        6.2941  0.0200  29.5479
      3            0.2882        1.9504       0.2222            0.2222        4.0741  0.0200  30.6032
      4            0.3090        1.7334       0.2569            0.2569        1.6800  0.0200  31.4591
      5            0.3715        1.5268       0.2188            0.2188        1.5999  0.0199  30.5977
      6            0.3750        1.4386       0.2465            0.2465        1.5511  0.0199  30.7285
      7            0.3785        1.4229       0.2708            0.2708        1.4794  0.0198  29.8430
      8            0.3785        1.4530       0.2535            0.2535        1.4806  0.0198  28.4899
      9            0.3750        1.3622       0.2812            0.2812        1.4451  0.0197  31.9924
     10            0.2882        1.3775       0.2535            0.2535        2.0012  0.0196  31.5804
     11            0.4062        1.3980       0.3021            0.3021        1.4677  0.0195  28.7909
     12            0.2882        1.3724       0.2465            0.2465        1.6979  0.0194  28.5707
     13            0.3333        1.3123       0.2743            0.2743        1.5011  0.0193  29.0426
     14            0.3333        1.3630       0.2500            0.2500        1.6098  0.0192  29.5363
     15            0.3160        1.2994       0.2847            0.2847        1.6044  0.0190  28.5936
     16            0.4097        1.3740       0.2639            0.2639        1.4640  0.0189  28.6861
     17            0.3819        1.3269       0.2639            0.2639        1.4710  0.0187  27.6371
     18            0.2951        1.2975       0.2535            0.2535        1.6715  0.0186  29.6742
     19            0.3299        1.3068       0.2569            0.2569        1.6103  0.0184  29.3408
     20            0.3333        1.3295       0.2639            0.2639        1.5548  0.0182  31.1201
     21            0.3681        1.3531       0.2604            0.2604        1.5564  0.0181  30.1022
     22            0.4201        1.2323       0.2569            0.2569        1.5370  0.0179  29.9662
     23            0.3681        1.3217       0.2604            0.2604        1.5621  0.0177  30.4319
     24            0.4792        1.2684       0.2812            0.2812        1.4211  0.0175  28.6564
     25            0.4062        1.3198       0.2396            0.2396        1.5368  0.0172  22.5286
     26            0.3819        1.2398       0.2431            0.2431        1.5489  0.0170  21.1216
     27            0.4306        1.2088       0.2326            0.2326        1.5060  0.0168  21.8258
     28            0.4583        1.2191       0.2292            0.2292        1.5111  0.0165  21.7401
     29            0.4132        1.2255       0.2396            0.2396        1.6831  0.0163  21.8045
     30            0.3715        1.2398       0.2500            0.2500        1.6363  0.0161  22.4590
     31            0.5035        1.1696       0.2812            0.2812        1.5729  0.0158  20.9851
     32            0.4688        1.1857       0.2396            0.2396        1.6288  0.0155  21.9193
     33            0.5139        1.2139       0.2500            0.2500        1.5137  0.0153  22.0135
     34            0.4062        1.1807       0.2500            0.2500        1.5881  0.0150  24.5217
     35            0.5104        1.2135       0.2847            0.2847        1.6072  0.0147  25.3477
     36            0.4062        1.1806       0.2639            0.2639        1.6931  0.0144  25.0233
     37            0.5139        1.1233       0.2708            0.2708        1.5571  0.0142  25.4123
     38            0.5139        1.1793       0.2917            0.2917        1.5780  0.0139  21.1086
     39            0.5625        1.2038       0.2847            0.2847        1.5706  0.0136  20.9282
     40            0.4757        1.1384       0.2500            0.2500        1.6281  0.0133  20.8506
     41            0.5000        1.1041       0.2396            0.2396        1.6504  0.0130  23.3022
Stopping since valid_loss has not improved in the last 18 epochs.
Elapsed time: 1344.3771727085114 seconds
Used Annotations descriptions: ['feet', 'left_hand', 'right_hand', 'tongue']
Used Annotations descriptions: ['feet', 'left_hand', 'right_hand', 'tongue']
Used Annotations descriptions: ['feet', 'left_hand', 'right_hand', 'tongue']
Used Annotations descriptions: ['feet', 'left_hand', 'right_hand', 'tongue']
Used Annotations descriptions: ['feet', 'left_hand', 'right_hand', 'tongue']
Used Annotations descriptions: ['feet', 'left_hand', 'right_hand', 'tongue']
Used Annotations descriptions: ['feet', 'left_hand', 'right_hand', 'tongue']
Used Annotations descriptions: ['feet', 'left_hand', 'right_hand', 'tongue']
Used Annotations descriptions: ['feet', 'left_hand', 'right_hand', 'tongue']
Used Annotations descriptions: ['feet', 'left_hand', 'right_hand', 'tongue']
Used Annotations descriptions: ['feet', 'left_hand', 'right_hand', 'tongue']
Used Annotations descriptions: ['feet', 'left_hand', 'right_hand', 'tongue']
