  epoch    train_accuracy    train_loss    valid_acc    valid_accuracy    valid_loss      lr       dur
-------  ----------------  ------------  -----------  ----------------  ------------  ------  --------
      1            0.2500        2.4697       0.2500            0.2500     1464.6069  0.0200  903.3709
      2            0.2500        1.6392       0.2500            0.2500       42.3344  0.0200  894.2719
      3            0.2500        1.4972       0.2431            0.2431        3.9835  0.0200  903.7884
      4            0.2604        1.4569       0.2361            0.2361        1.7878  0.0200  795.0144
      5            0.3090        1.4224       0.2569            0.2569        1.5949  0.0199  786.8736
      6            0.3472        1.3472       0.2778            0.2778        1.3688  0.0199  851.7991
      7            0.3715        1.3304       0.2986            0.2986        1.3570  0.0198  789.8889
      8            0.3229        1.2813       0.3160            0.3160        1.3863  0.0198  785.7408
      9            0.4062        1.2425       0.3854            0.3854        1.3001  0.0197  802.3651
     10            0.2743        1.1577       0.2778            0.2778        1.4935  0.0196  797.0504
     11            0.2500        1.1220       0.2500            0.2500        3.6720  0.0195  794.6943
     12            0.2604        1.1220       0.2500            0.2500        1.9198  0.0194  683.0602
     13            0.3368        1.1295       0.2917            0.2917        2.3139  0.0193  550.0327
     14            0.3750        1.1344       0.3785            0.3785        1.3912  0.0192  491.8335
     15            0.3056        0.9453       0.3611            0.3611        1.5737  0.0190  490.1691
     16            0.6146        0.9358       0.4549            0.4549        1.2782  0.0189  483.9511
     17            0.6042        0.8980       0.4583            0.4583        1.0650  0.0187  483.3394
     18            0.5868        0.8739       0.4826            0.4826        1.0897  0.0186  483.8767
     19            0.4826        0.7775       0.3681            0.3681        2.3999  0.0184  492.6651
     20            0.5451        0.7883       0.4514            0.4514        1.5034  0.0182  336.6526
     21            0.5660        0.7243       0.4826            0.4826        1.0935  0.0181  306.8079
     22            0.7431        0.6988       0.4306            0.4306        1.3817  0.0179  318.5774
     23            0.5903        0.6853       0.4236            0.4236        1.5739  0.0177  322.3356
     24            0.3056        0.5416       0.3194            0.3194        4.0432  0.0175  324.2137
     25            0.5729        0.5515       0.3576            0.3576        4.9459  0.0172  323.1861
     26            0.4653        0.5015       0.4375            0.4375        2.4203  0.0170  314.3391
     27            0.3056        0.4451       0.2431            0.2431        8.4240  0.0168  312.1215
     28            0.2986        0.4818       0.3299            0.3299        4.6182  0.0165  235.6484
     29            0.6354        0.4521       0.4549            0.4549        1.3138  0.0163  175.2197
     30            0.7361        0.5235       0.5069            0.5069        1.7618  0.0161  172.8177
     31            0.6528        0.4083       0.3854            0.3854        2.5311  0.0158  172.9102
     32            0.8403        0.3630       0.5243            0.5243        1.8238  0.0155  175.3498
     33            0.8576        0.4268       0.5069            0.5069        1.5944  0.0153  174.0051
     34            0.8507        0.4044       0.4931            0.4931        1.6769  0.0150  173.2394
Stopping since valid_loss has not improved in the last 18 epochs.
Elapsed time: 20137.029405117035 seconds
Used Annotations descriptions: ['feet', 'left_hand', 'right_hand', 'tongue']
Used Annotations descriptions: ['feet', 'left_hand', 'right_hand', 'tongue']
Used Annotations descriptions: ['feet', 'left_hand', 'right_hand', 'tongue']
Used Annotations descriptions: ['feet', 'left_hand', 'right_hand', 'tongue']
Used Annotations descriptions: ['feet', 'left_hand', 'right_hand', 'tongue']
Used Annotations descriptions: ['feet', 'left_hand', 'right_hand', 'tongue']
Used Annotations descriptions: ['feet', 'left_hand', 'right_hand', 'tongue']
Used Annotations descriptions: ['feet', 'left_hand', 'right_hand', 'tongue']
Used Annotations descriptions: ['feet', 'left_hand', 'right_hand', 'tongue']
Used Annotations descriptions: ['feet', 'left_hand', 'right_hand', 'tongue']
Used Annotations descriptions: ['feet', 'left_hand', 'right_hand', 'tongue']
Used Annotations descriptions: ['feet', 'left_hand', 'right_hand', 'tongue']
