  epoch    train_accuracy    train_loss    valid_acc    valid_accuracy    valid_loss      lr       dur
-------  ----------------  ------------  -----------  ----------------  ------------  ------  --------
      1            0.2500        2.2605       0.2500            0.2500     1250.4533  0.0200  196.9309
      2            0.2500        1.5147       0.2500            0.2500      115.1818  0.0200  173.5691
      3            0.2500        1.5205       0.2500            0.2500       11.4888  0.0200  171.7741
      4            0.2569        1.4645       0.2674            0.2674        4.5310  0.0200  242.6657
      5            0.2708        1.4373       0.2326            0.2326        1.7773  0.0199  198.2364
      6            0.2882        1.4507       0.2222            0.2222        1.7178  0.0199  187.2760
      7            0.3021        1.4024       0.2465            0.2465        1.6354  0.0198  189.0009
      8            0.3125        1.4170       0.2778            0.2778        1.3791  0.0198  212.7886
      9            0.3403        1.3828       0.3090            0.3090        1.3940  0.0197  434.1938
     10            0.3403        1.3847       0.2326            0.2326        1.5547  0.0196  176.3822
     11            0.3264        1.3717       0.2535            0.2535        1.5469  0.0195  177.4665
     12            0.2500        1.3431       0.2500            0.2500        1.4954  0.0194  184.5360
     13            0.2778        1.2770       0.2465            0.2465        1.5121  0.0193  172.3130
     14            0.2708        1.2070       0.2500            0.2500        1.6803  0.0192  172.4576
     15            0.3125        1.1475       0.2743            0.2743        3.4203  0.0190  182.3811
     16            0.2535        1.1991       0.2500            0.2500        1.6949  0.0189  178.5408
     17            0.2639        1.0933       0.2465            0.2465        2.1566  0.0187  214.7482
     18            0.2500        1.1111       0.2500            0.2500        2.5422  0.0186  319.9688
     19            0.2569        1.0851       0.2569            0.2569        1.9861  0.0184  177.0627
     20            0.2882        1.0086       0.2569            0.2569        2.7844  0.0182  168.3179
     21            0.2500        0.9333       0.2500            0.2500        3.2469  0.0181  378.9219
     22            0.2500        0.9006       0.2535            0.2535        7.1523  0.0179  593.9815
     23            0.4167        1.0029       0.3160            0.3160        1.5317  0.0177  633.0577
     24            0.3194        0.9756       0.2500            0.2500        2.1373  0.0175  317.6574
     25            0.3090        0.9319       0.2639            0.2639        3.2687  0.0172  264.0966
     26            0.4931        0.8978       0.3854            0.3854        1.2457  0.0170  215.7272
     27            0.2604        0.8603       0.2535            0.2535        4.5305  0.0168  522.0162
     28            0.5417        0.8383       0.4271            0.4271        1.3762  0.0165  173.0753
     29            0.2535        0.7574       0.2535            0.2535        4.2311  0.0163  173.1990
     30            0.3264        0.8131       0.3403            0.3403        3.9542  0.0161  172.5292
     31            0.2569        0.7687       0.2535            0.2535        4.1740  0.0158  169.5149
     32            0.2708        0.7605       0.2847            0.2847        6.1057  0.0155  170.9890
     33            0.4132        0.7180       0.3229            0.3229        2.8796  0.0153  168.7991
     34            0.2882        0.7190       0.3194            0.3194        3.2076  0.0150  169.2680
     35            0.3958        0.6288       0.3229            0.3229        3.7849  0.0147  174.9473
     36            0.7222        0.6789       0.4340            0.4340        1.5906  0.0144  693.3834
     37            0.5799        0.6044       0.4444            0.4444        1.6474  0.0142  515.7857
     38            0.4965        0.6352       0.4062            0.4062        2.0801  0.0139  743.5992
     39            0.2569        0.5717       0.2535            0.2535        5.4091  0.0136  771.5240
     40            0.2569        0.6441       0.2535            0.2535        6.1976  0.0133  752.8117
     41            0.6875        0.5154       0.4201            0.4201        1.9286  0.0130  730.6348
     42            0.7951        0.5497       0.3993            0.3993        1.5933  0.0127  735.9088
     43            0.6597        0.4462       0.4062            0.4062        1.7613  0.0124  749.3284
Stopping since valid_loss has not improved in the last 18 epochs.
Elapsed time: 17233.80503344536 seconds
Used Annotations descriptions: ['feet', 'left_hand', 'right_hand', 'tongue']
Used Annotations descriptions: ['feet', 'left_hand', 'right_hand', 'tongue']
Used Annotations descriptions: ['feet', 'left_hand', 'right_hand', 'tongue']
Used Annotations descriptions: ['feet', 'left_hand', 'right_hand', 'tongue']
Used Annotations descriptions: ['feet', 'left_hand', 'right_hand', 'tongue']
Used Annotations descriptions: ['feet', 'left_hand', 'right_hand', 'tongue']
Used Annotations descriptions: ['feet', 'left_hand', 'right_hand', 'tongue']
Used Annotations descriptions: ['feet', 'left_hand', 'right_hand', 'tongue']
Used Annotations descriptions: ['feet', 'left_hand', 'right_hand', 'tongue']
Used Annotations descriptions: ['feet', 'left_hand', 'right_hand', 'tongue']
Used Annotations descriptions: ['feet', 'left_hand', 'right_hand', 'tongue']
Used Annotations descriptions: ['feet', 'left_hand', 'right_hand', 'tongue']
