  epoch    train_accuracy    train_loss    valid_acc    valid_accuracy    valid_loss      lr      dur
-------  ----------------  ------------  -----------  ----------------  ------------  ------  -------
      1            0.3106        2.7250       0.2990            0.2990        1.4389  0.0200  83.5848
      2            0.2774        1.4366       0.2728            0.2728        1.5993  0.0200  94.0875
      3            0.3268        1.4398       0.3191            0.3191        1.4024  0.0200  95.5744
      4            0.3708        1.3406       0.3507            0.3507        1.3440  0.0200  95.7872
      5            0.3546        1.3264       0.3252            0.3252        1.4012  0.0200  92.9452
      6            0.3823        1.2812       0.3418            0.3418        1.3226  0.0200  93.6602
      7            0.4279        1.2689       0.4012            0.4012        1.2683  0.0200  92.7563
      8            0.3789        1.2339       0.3453            0.3453        1.3448  0.0200  91.8095
      9            0.4653        1.2300       0.4282            0.4282        1.2366  0.0200  91.5523
     10            0.4780        1.1979       0.4248            0.4248        1.2318  0.0200  92.6530
     11            0.4865        1.1798       0.4406            0.4406        1.2149  0.0200  92.8415
     12            0.4904        1.1631       0.4367            0.4367        1.2327  0.0200  92.8569
     13            0.5305        1.1583       0.4846            0.4846        1.1935  0.0200  109.9932
     14            0.5228        1.1551       0.4722            0.4722        1.2008  0.0200  128.7298
     15            0.5432        1.1492       0.4657            0.4657        1.1735  0.0200  120.0309
     16            0.5536        1.1236       0.4664            0.4664        1.1859  0.0200  123.8003
     17            0.5629        1.1144       0.4873            0.4873        1.1707  0.0200  122.7872
     18            0.5660        1.1034       0.4769            0.4769        1.1916  0.0200  122.1987
     19            0.5405        1.0926       0.4780            0.4780        1.1874  0.0200  122.6769
     20            0.5644        1.0961       0.5031            0.5031        1.1511  0.0200  119.7991
     21            0.6015        1.0599       0.5201            0.5201        1.1127  0.0200  119.6691
     22            0.6254        1.0683       0.5455            0.5455        1.0893  0.0200  120.3812
     23            0.5567        1.0552       0.5062            0.5062        1.1763  0.0200  122.7996
     24            0.6331        1.0611       0.5428            0.5428        1.0824  0.0200  121.5156
     25            0.5876        1.0370       0.5170            0.5170        1.1119  0.0200  120.8375
     26            0.6231        1.0489       0.5529            0.5529        1.0748  0.0200  119.8311
     27            0.6590        1.0223       0.5525            0.5525        1.0547  0.0200  122.2111
     28            0.6447        1.0124       0.5463            0.5463        1.0719  0.0200  121.1551
     29            0.6539        1.0078       0.5679            0.5679        1.0333  0.0200  124.1769
     30            0.6242        1.0047       0.5494            0.5494        1.0649  0.0200  121.3368
     31            0.6728        0.9928       0.5845            0.5845        1.0185  0.0200  122.5377
     32            0.6701        1.0034       0.5610            0.5610        1.0344  0.0200  123.7369
     33            0.6582        1.0038       0.5590            0.5590        1.0481  0.0199  120.9574
     34            0.6833        0.9655       0.5714            0.5714        1.0335  0.0199  123.3141
     35            0.6613        0.9800       0.5664            0.5664        1.0299  0.0199  123.3561
     36            0.6713        0.9515       0.5656            0.5656        1.0372  0.0199  123.0367
     37            0.6952        0.9513       0.5791            0.5791        0.9945  0.0199  122.4567
     38            0.6906        0.9685       0.5783            0.5783        1.0188  0.0199  123.1720
     39            0.6910        0.9637       0.5799            0.5799        0.9990  0.0199  121.3542
     40            0.6848        0.9534       0.5752            0.5752        1.0158  0.0199  121.0817
     41            0.7122        0.9590       0.6046            0.6046        0.9667  0.0199  122.5783
     42            0.6883        0.9443       0.5853            0.5853        1.0037  0.0199  122.2321
     43            0.6821        0.9473       0.5590            0.5590        1.0323  0.0199  121.4661
     44            0.6987        0.9286       0.5868            0.5868        1.0038  0.0199  119.8483
     45            0.7207        0.9383       0.6092            0.6092        0.9616  0.0199  118.8057
     46            0.6852        0.9113       0.5729            0.5729        1.0301  0.0199  119.5895
     47            0.7226        0.9103       0.6038            0.6038        0.9655  0.0199  121.1665
     48            0.6991        0.9243       0.5725            0.5725        1.0164  0.0199  122.1200
     49            0.7407        0.9101       0.6007            0.6007        0.9683  0.0199  122.7480
     50            0.7299        0.8941       0.5957            0.5957        0.9698  0.0199  122.6422
     51            0.7342        0.9003       0.6123            0.6123        0.9678  0.0199  121.7908
     52            0.7218        0.8916       0.5887            0.5887        0.9912  0.0199  122.9073
     53            0.7033        0.9022       0.5799            0.5799        0.9872  0.0199  122.0141
     54            0.7523        0.8865       0.6127            0.6127        0.9333  0.0199  121.6719
     55            0.7369        0.9055       0.5941            0.5941        0.9652  0.0199  120.8633
     56            0.7234        0.8627       0.5957            0.5957        0.9723  0.0199  122.2198
     57            0.7211        0.9151       0.5756            0.5756        0.9836  0.0198  121.7170
     58            0.7542        0.8895       0.6100            0.6100        0.9515  0.0198  123.1619
     59            0.7303        0.8626       0.5872            0.5872        0.9934  0.0198  121.7006
     60            0.7284        0.8667       0.5895            0.5895        0.9771  0.0198  197.7920
     61            0.7431        0.8759       0.6019            0.6019        0.9641  0.0198  166.5233
     62            0.7735        0.8626       0.6200            0.6200        0.9325  0.0198  158.5252
     63            0.7631        0.8635       0.6292            0.6292        0.9260  0.0198  146.5416
     64            0.7596        0.8466       0.6134            0.6134        0.9326  0.0198  149.5703
     65            0.7496        0.8719       0.6111            0.6111        0.9579  0.0198  149.1347
     66            0.7697        0.8655       0.6308            0.6308        0.9151  0.0198  147.4843
     67            0.7342        0.8548       0.5910            0.5910        0.9854  0.0198  147.4088
     68            0.7770        0.8689       0.6227            0.6227        0.9315  0.0198  145.4490
     69            0.7631        0.8557       0.6204            0.6204        0.9286  0.0198  147.9045
     70            0.7411        0.8290       0.6011            0.6011        0.9704  0.0198  152.5177
     71            0.7832        0.8586       0.6273            0.6273        0.9055  0.0198  149.9501
     72            0.7674        0.8550       0.6169            0.6169        0.9380  0.0198  146.9839
     73            0.7296        0.8316       0.6111            0.6111        0.9562  0.0197  147.5771
     74            0.7944        0.8409       0.6300            0.6300        0.9032  0.0197  166.2953
     75            0.7990        0.8300       0.6235            0.6235        0.9319  0.0197  139.9248
     76            0.7307        0.8272       0.5910            0.5910        1.0014  0.0197  133.8657
     77            0.7562        0.8510       0.6161            0.6161        0.9463  0.0197  150.7103
     78            0.7542        0.8186       0.6161            0.6161        0.9592  0.0197  159.4370
     79            0.7404        0.8279       0.5949            0.5949        0.9950  0.0197  157.7175
     80            0.7650        0.8147       0.5992            0.5992        0.9745  0.0197  161.0935
     81            0.7793        0.8245       0.6215            0.6215        0.9254  0.0197  179.5459
     82            0.7608        0.8338       0.5949            0.5949        0.9784  0.0197  191.6022
     83            0.7589        0.8186       0.5957            0.5957        0.9864  0.0197  189.3521
     84            0.7955        0.8312       0.6265            0.6265        0.9239  0.0197  189.7531
     85            0.7728        0.8163       0.6115            0.6115        0.9549  0.0197  175.3097
     86            0.8067        0.8266       0.6265            0.6265        0.9214  0.0196  160.5888
     87            0.7890        0.7920       0.6227            0.6227        0.9286  0.0196  152.4236
     88            0.7863        0.8136       0.6281            0.6281        0.9301  0.0196  156.4415
     89            0.8075        0.8008       0.6373            0.6373        0.9028  0.0196  154.1195
     90            0.7921        0.8044       0.6165            0.6165        0.9344  0.0196  158.4459
     91            0.8021        0.8015       0.6227            0.6227        0.9279  0.0196  157.7216
     92            0.7758        0.8224       0.6088            0.6088        0.9534  0.0196  152.2915
     93            0.8218        0.7952       0.6427            0.6427        0.8971  0.0196  155.0793
     94            0.7921        0.7832       0.6173            0.6173        0.9194  0.0196  159.0283
     95            0.7940        0.8215       0.6227            0.6227        0.9332  0.0196  153.0642
     96            0.7975        0.8029       0.6265            0.6265        0.9271  0.0196  151.1768
     97            0.7658        0.7901       0.6092            0.6092        0.9593  0.0195  153.5433
     98            0.8102        0.8097       0.6292            0.6292        0.9097  0.0195  152.7796
     99            0.8071        0.7956       0.6273            0.6273        0.8987  0.0195  156.1660
    100            0.8322        0.7929       0.6470            0.6470        0.8913  0.0195  152.7718
    101            0.7886        0.7911       0.6184            0.6184        0.9466  0.0195  153.9927
    102            0.7878        0.7950       0.6138            0.6138        0.9442  0.0195  155.0842
    103            0.7670        0.8089       0.5899            0.5899        0.9925  0.0195  159.3651
    104            0.7936        0.8011       0.6046            0.6046        0.9599  0.0195  155.0018
    105            0.7546        0.7969       0.5992            0.5992        0.9727  0.0195  156.1156
    106            0.8430        0.7709       0.6451            0.6451        0.8776  0.0195  161.5607
    107            0.8302        0.7948       0.6466            0.6466        0.8941  0.0194  154.6543
    108            0.7851        0.7907       0.6100            0.6100        0.9438  0.0194  154.3356
    109            0.8287        0.7987       0.6242            0.6242        0.9253  0.0194  154.5684
    110            0.8302        0.7912       0.6273            0.6273        0.9159  0.0194  152.3152
    111            0.8005        0.7727       0.6127            0.6127        0.9413  0.0194  150.3391
    112            0.8156        0.7690       0.6173            0.6173        0.9402  0.0194  157.2001
    113            0.8032        0.7750       0.6065            0.6065        0.9612  0.0194  154.8394
    114            0.8414        0.7766       0.6400            0.6400        0.8794  0.0194  157.5910
    115            0.8029        0.8044       0.6111            0.6111        0.9574  0.0194  153.4290
    116            0.8306        0.7848       0.6173            0.6173        0.9457  0.0194  150.6808
    117            0.8094        0.7587       0.6165            0.6165        0.9520  0.0193  155.2862
    118            0.8133        0.7747       0.6057            0.6057        0.9450  0.0193  151.9552
    119            0.8056        0.7776       0.6107            0.6107        0.9581  0.0193  153.1448
    120            0.7693        0.7728       0.5907            0.5907        0.9884  0.0193  158.4801
    121            0.7812        0.7947       0.5980            0.5980        0.9865  0.0193  152.4722
    122            0.8248        0.7734       0.6177            0.6177        0.9334  0.0193  154.7447
    123            0.7770        0.7652       0.5914            0.5914        1.0024  0.0193  170.3193
    124            0.8372        0.7513       0.6377            0.6377        0.9102  0.0193  187.8135
    125            0.8538        0.7430       0.6404            0.6404        0.9036  0.0192  193.8259
    126            0.8160        0.7778       0.6200            0.6200        0.9466  0.0192  143.4723
    127            0.8156        0.7616       0.6049            0.6049        0.9634  0.0192  126.1200
    128            0.8310        0.7314       0.6277            0.6277        0.9184  0.0192  137.7509
    129            0.8102        0.7643       0.6196            0.6196        0.9585  0.0192  131.7843
    130            0.8534        0.7725       0.6397            0.6397        0.9137  0.0192  151.9037
    131            0.8314        0.7763       0.6258            0.6258        0.9234  0.0192  139.8584
    132            0.8206        0.7372       0.6231            0.6231        0.9468  0.0192  122.5140
    133            0.8457        0.7671       0.6304            0.6304        0.9125  0.0192  123.5057
    134            0.8600        0.7655       0.6381            0.6381        0.9140  0.0191  120.6958
    135            0.7990        0.7590       0.6073            0.6073        0.9745  0.0191  123.4495
    136            0.8302        0.7841       0.6335            0.6335        0.9384  0.0191  123.0631
    137            0.8229        0.7417       0.6231            0.6231        0.9429  0.0191  120.5933
    138            0.8511        0.7489       0.6439            0.6439        0.9191  0.0191  122.2692
    139            0.8522        0.7410       0.6443            0.6443        0.8992  0.0191  121.5507
    140            0.8113        0.7646       0.6211            0.6211        0.9575  0.0191  123.0960
    141            0.8414        0.7300       0.6265            0.6265        0.9262  0.0190  124.7557
    142            0.8673        0.7371       0.6539            0.6539        0.8746  0.0190  122.1506
    143            0.8395        0.7595       0.6316            0.6316        0.9291  0.0190  122.4336
    144            0.8611        0.7269       0.6404            0.6404        0.9059  0.0190  122.7208
    145            0.8299        0.7289       0.6231            0.6231        0.9433  0.0190  122.0777
    146            0.8549        0.7462       0.6377            0.6377        0.9098  0.0190  122.4001
    147            0.8630        0.7534       0.6400            0.6400        0.9111  0.0190  122.6687
    148            0.8434        0.7182       0.6354            0.6354        0.9179  0.0190  122.0337
    149            0.8468        0.7332       0.6354            0.6354        0.9424  0.0189  123.6396
    150            0.8623        0.7490       0.6424            0.6424        0.8987  0.0189  121.3250
    151            0.8519        0.7063       0.6481            0.6481        0.9060  0.0189  123.9944
    152            0.8546        0.7385       0.6316            0.6316        0.9193  0.0189  123.9057
    153            0.8295        0.7218       0.6134            0.6134        0.9780  0.0189  124.2025
    154            0.8542        0.7598       0.6231            0.6231        0.9617  0.0189  122.8421
    155            0.8696        0.7151       0.6501            0.6501        0.8688  0.0189  122.2133
    156            0.8410        0.7512       0.6208            0.6208        0.9340  0.0188  123.2257
    157            0.8742        0.7139       0.6381            0.6381        0.9040  0.0188  121.7043
    158            0.8368        0.7287       0.6316            0.6316        0.9567  0.0188  120.6859
    159            0.8765        0.7351       0.6493            0.6493        0.8852  0.0188  118.9346
    160            0.8696        0.7240       0.6343            0.6343        0.9313  0.0188  117.5057
    161            0.8546        0.7382       0.6308            0.6308        0.9367  0.0188  119.5557
    162            0.8638        0.7142       0.6520            0.6520        0.8948  0.0187  117.3106
    163            0.8893        0.7088       0.6547            0.6547        0.8654  0.0187  119.5156
    164            0.8600        0.7035       0.6327            0.6327        0.9397  0.0187  115.6882
    165            0.8383        0.7413       0.6262            0.6262        0.9552  0.0187  119.6775
    166            0.8237        0.7283       0.6181            0.6181        0.9754  0.0187  117.0401
    167            0.8669        0.7209       0.6370            0.6370        0.9107  0.0187  121.8256
    168            0.8738        0.7158       0.6566            0.6566        0.8852  0.0187  118.3331
    169            0.8831        0.7115       0.6404            0.6404        0.9283  0.0186  119.5534
    170            0.8484        0.7010       0.6304            0.6304        0.9679  0.0186  119.3093
    171            0.8588        0.7064       0.6431            0.6431        0.9291  0.0186  117.7796
    172            0.8900        0.7359       0.6551            0.6551        0.8960  0.0186  119.3071
    173            0.8715        0.7259       0.6343            0.6343        0.9179  0.0186  117.8079
    174            0.8646        0.7448       0.6292            0.6292        0.9471  0.0186  120.3542
    175            0.8565        0.7489       0.6478            0.6478        0.9225  0.0185  116.7295
    176            0.8522        0.7033       0.6354            0.6354        0.9495  0.0185  118.6435
    177            0.8715        0.7348       0.6512            0.6512        0.8799  0.0185  117.2185
    178            0.8765        0.6894       0.6327            0.6327        0.9318  0.0185  118.9070
    179            0.8499        0.7211       0.6215            0.6215        0.9715  0.0185  116.4114
    180            0.8854        0.7089       0.6343            0.6343        0.9162  0.0185  119.9388
    181            0.8866        0.7185       0.6462            0.6462        0.8998  0.0184  117.3390
    182            0.8858        0.6939       0.6373            0.6373        0.9124  0.0184  119.9171
    183            0.8843        0.7081       0.6339            0.6339        0.9094  0.0184  117.3666
    184            0.8735        0.6675       0.6343            0.6343        0.9524  0.0184  119.0658
    185            0.8731        0.7096       0.6316            0.6316        0.9179  0.0184  117.3364
    186            0.8827        0.7045       0.6285            0.6285        0.9302  0.0184  120.1103
    187            0.8819        0.6788       0.6535            0.6535        0.9117  0.0183  116.1828
    188            0.9001        0.7088       0.6466            0.6466        0.9043  0.0183  119.0834
    189            0.8816        0.7034       0.6258            0.6258        0.9514  0.0183  116.9082
    190            0.8912        0.7320       0.6323            0.6323        0.9365  0.0183  117.4290
    191            0.9059        0.7092       0.6605            0.6605        0.8937  0.0183  118.5234
    192            0.8993        0.6891       0.6416            0.6416        0.9210  0.0182  118.7905
    193            0.8885        0.6976       0.6505            0.6505        0.9315  0.0182  120.7963
    194            0.8777        0.7041       0.6420            0.6420        0.9165  0.0182  122.5255
    195            0.8916        0.6926       0.6420            0.6420        0.9612  0.0182  118.8448
    196            0.8738        0.6794       0.6235            0.6235        0.9552  0.0182  120.0369
    197            0.8476        0.7212       0.6308            0.6308        0.9515  0.0182  120.1509
    198            0.8862        0.6839       0.6389            0.6389        0.9364  0.0181  118.8576
    199            0.8889        0.6834       0.6408            0.6408        0.9255  0.0181  123.1638
    200            0.8843        0.6936       0.6350            0.6350        0.9414  0.0181  116.7491
    201            0.8877        0.6656       0.6412            0.6412        0.9587  0.0181  124.2005
    202            0.9051        0.6918       0.6254            0.6254        0.9364  0.0181  118.2528
    203            0.8839        0.6836       0.6408            0.6408        0.9371  0.0180  118.8891
    204            0.8931        0.6593       0.6366            0.6366        0.9311  0.0180  121.3040
    205            0.8754        0.6788       0.6377            0.6377        0.9614  0.0180  123.2168
    206            0.8623        0.6939       0.6358            0.6358        0.9536  0.0180  123.4096
    207            0.8916        0.6736       0.6520            0.6520        0.9131  0.0180  121.8841
    208            0.8966        0.6877       0.6389            0.6389        0.9188  0.0180  122.0629
    209            0.8985        0.6927       0.6435            0.6435        0.9024  0.0179  121.8167
    210            0.8723        0.6839       0.6308            0.6308        0.9694  0.0179  122.8692
    211            0.8619        0.7004       0.6242            0.6242        0.9805  0.0179  121.7375
    212            0.9190        0.6599       0.6435            0.6435        0.9520  0.0179  120.7362
    213            0.8873        0.6503       0.6331            0.6331        0.9479  0.0179  121.4219
    214            0.8954        0.6874       0.6439            0.6439        0.9295  0.0178  120.5961
    215            0.9043        0.6676       0.6408            0.6408        0.9269  0.0178  122.0817
    216            0.8515        0.6796       0.6227            0.6227        0.9799  0.0178  121.9892
    217            0.8468        0.6808       0.6134            0.6134        1.0126  0.0178  120.5412
    218            0.8881        0.6718       0.6308            0.6308        0.9556  0.0178  123.5646
    219            0.8931        0.6761       0.6366            0.6366        0.9270  0.0177  123.3426
    220            0.8951        0.6958       0.6420            0.6420        0.9270  0.0177  122.6429
    221            0.9028        0.6783       0.6516            0.6516        0.9259  0.0177  123.1143
    222            0.8985        0.6467       0.6385            0.6385        0.9249  0.0177  122.3134
    223            0.9032        0.6750       0.6416            0.6416        0.9516  0.0177  121.7758
    224            0.9090        0.7074       0.6566            0.6566        0.8795  0.0176  122.4344
    225            0.8715        0.6424       0.6439            0.6439        0.9649  0.0176  121.1589
    226            0.9051        0.6680       0.6505            0.6505        0.9269  0.0176  120.4282
    227            0.9236        0.6505       0.6582            0.6582        0.9061  0.0176  122.1959
    228            0.8931        0.6566       0.6485            0.6485        0.9308  0.0176  120.7532
    229            0.8742        0.6505       0.6219            0.6219        0.9889  0.0175  120.7411
    230            0.8573        0.6751       0.6273            0.6273        0.9775  0.0175  122.1170
    231            0.9078        0.6751       0.6474            0.6474        0.9143  0.0175  121.8566
    232            0.8900        0.6449       0.6258            0.6258        0.9624  0.0175  121.4356
    233            0.8657        0.6701       0.6211            0.6211        0.9932  0.0175  122.1063
    234            0.9182        0.6826       0.6443            0.6443        0.9014  0.0174  122.7785
    235            0.9213        0.6246       0.6420            0.6420        0.9444  0.0174  122.5101
    236            0.9117        0.6400       0.6439            0.6439        0.9273  0.0174  121.5727
    237            0.9047        0.6759       0.6443            0.6443        0.9137  0.0174  122.7587
    238            0.9062        0.6535       0.6300            0.6300        0.9592  0.0173  126.9556
    239            0.8765        0.6817       0.6250            0.6250        0.9681  0.0173  122.4102
    240            0.8916        0.6518       0.6350            0.6350        0.9608  0.0173  121.8780
    241            0.9117        0.6321       0.6300            0.6300        0.9591  0.0173  121.2297
    242            0.8785        0.6607       0.6397            0.6397        0.9408  0.0173  123.3911
    243            0.8935        0.6495       0.6435            0.6435        0.9292  0.0172  122.8570
    244            0.9321        0.6342       0.6304            0.6304        0.9394  0.0172  121.1286
    245            0.9271        0.6501       0.6424            0.6424        0.9183  0.0172  120.7451
    246            0.8958        0.6688       0.6292            0.6292        0.9562  0.0172  121.6658
    247            0.9047        0.6707       0.6400            0.6400        0.9504  0.0172  120.3517
    248            0.8989        0.6676       0.6370            0.6370        0.9540  0.0171  120.8104
    249            0.9267        0.6315       0.6508            0.6508        0.9154  0.0171  121.1935
    250            0.9163        0.6645       0.6370            0.6370        0.9380  0.0171  121.3469
    251            0.9147        0.6846       0.6493            0.6493        0.9040  0.0171  121.7688
    252            0.9217        0.6226       0.6528            0.6528        0.9214  0.0170  125.2327
    253            0.9105        0.6158       0.6485            0.6485        0.9458  0.0170  136.8138
    254            0.9340        0.6489       0.6516            0.6516        0.9042  0.0170  169.1693
    255            0.8808        0.6621       0.6196            0.6196        0.9733  0.0170  138.9118
    256            0.9171        0.6361       0.6408            0.6408        0.9520  0.0170  120.2282
    257            0.9182        0.6789       0.6466            0.6466        0.9442  0.0169  122.5977
    258            0.8947        0.6616       0.6485            0.6485        0.9377  0.0169  121.2476
    259            0.9352        0.6263       0.6408            0.6408        0.9044  0.0169  121.7314
    260            0.9302        0.6205       0.6443            0.6443        0.9129  0.0169  121.6309
    261            0.9336        0.6356       0.6458            0.6458        0.9333  0.0168  121.3232
    262            0.9225        0.6339       0.6404            0.6404        0.9352  0.0168  121.8853
    263            0.8997        0.6314       0.6377            0.6377        0.9528  0.0168  119.8488
    264            0.9344        0.6539       0.6493            0.6493        0.9168  0.0168  120.8845
    265            0.9375        0.6380       0.6516            0.6516        0.9039  0.0167  119.5903
    266            0.9236        0.6408       0.6312            0.6312        0.9358  0.0167  122.1702
    267            0.9213        0.6448       0.6400            0.6400        0.9385  0.0167  122.8688
    268            0.9039        0.6489       0.6451            0.6451        0.9658  0.0167  121.6569
    269            0.9236        0.6380       0.6520            0.6520        0.9419  0.0167  122.1375
    270            0.8885        0.6542       0.6289            0.6289        0.9948  0.0166  119.2498
    271            0.9228        0.6512       0.6420            0.6420        0.9327  0.0166  120.2705
    272            0.9090        0.6138       0.6281            0.6281        0.9741  0.0166  121.2050
    273            0.9186        0.6226       0.6381            0.6381        0.9616  0.0166  122.8884
    274            0.9144        0.6223       0.6319            0.6319        0.9588  0.0165  122.7937
    275            0.9225        0.6417       0.6292            0.6292        0.9627  0.0165  122.5169
    276            0.9302        0.6336       0.6424            0.6424        0.9220  0.0165  120.5671
    277            0.9205        0.6567       0.6516            0.6516        0.9296  0.0165  120.2030
    278            0.9344        0.6154       0.6528            0.6528        0.9306  0.0164  121.3610
    279            0.9198        0.6236       0.6451            0.6451        0.9253  0.0164  121.3949
    280            0.9128        0.6542       0.6296            0.6296        0.9539  0.0164  121.0316
    281            0.9375        0.6474       0.6408            0.6408        0.9412  0.0164  122.4312
    282            0.9294        0.6076       0.6439            0.6439        0.9199  0.0163  122.5294
    283            0.9236        0.6392       0.6485            0.6485        0.9150  0.0163  120.9779
    284            0.9124        0.6423       0.6354            0.6354        0.9522  0.0163  121.2834
    285            0.9066        0.6336       0.6466            0.6466        0.9389  0.0163  122.8702
    286            0.9171        0.6275       0.6350            0.6350        0.9521  0.0162  120.4080
    287            0.9136        0.6409       0.6316            0.6316        0.9598  0.0162  123.8227
    288            0.9321        0.6281       0.6516            0.6516        0.9267  0.0162  122.6551
    289            0.9136        0.6181       0.6404            0.6404        0.9467  0.0162  122.3492
    290            0.9240        0.6172       0.6447            0.6447        0.9560  0.0161  120.5556
    291            0.9070        0.6242       0.6308            0.6308        0.9553  0.0161  118.5520
    292            0.9086        0.6327       0.6292            0.6292        0.9674  0.0161  119.9786
    293            0.9282        0.5903       0.6370            0.6370        0.9658  0.0161  117.3194
    294            0.9275        0.6335       0.6362            0.6362        0.9567  0.0160  120.7334
    295            0.9109        0.6270       0.6204            0.6204        0.9885  0.0160  119.1027
    296            0.9356        0.6089       0.6458            0.6458        0.9426  0.0160  117.7587
    297            0.9171        0.6167       0.6412            0.6412        0.9462  0.0160  119.6252
    298            0.9333        0.6313       0.6397            0.6397        0.9369  0.0159  120.8852
    299            0.8935        0.6009       0.6373            0.6373        1.0021  0.0159  117.5681
    300            0.9348        0.6272       0.6385            0.6385        0.9410  0.0159  117.6185
    301            0.9325        0.6403       0.6481            0.6481        0.9205  0.0159  119.0564
    302            0.9306        0.6101       0.6397            0.6397        0.9536  0.0158  117.4328
    303            0.9348        0.6354       0.6462            0.6462        0.9176  0.0158  118.8814
    304            0.9414        0.5878       0.6408            0.6408        0.9538  0.0158  118.0306
    305            0.9286        0.5938       0.6478            0.6478        0.9633  0.0158  121.0079
    306            0.9402        0.6016       0.6416            0.6416        0.9532  0.0157  118.2929
    307            0.9259        0.6149       0.6385            0.6385        0.9808  0.0157  119.4090
    308            0.9163        0.6380       0.6416            0.6416        0.9412  0.0157  116.9101
    309            0.9479        0.6187       0.6393            0.6393        0.9594  0.0157  120.2196
    310            0.9255        0.6084       0.6323            0.6323        0.9745  0.0156  117.0996
    311            0.9433        0.6285       0.6474            0.6474        0.9209  0.0156  118.9429
    312            0.9414        0.6155       0.6454            0.6454        0.9348  0.0156  118.6638
    313            0.9352        0.6157       0.6424            0.6424        0.9668  0.0156  119.1088
    314            0.9483        0.5858       0.6420            0.6420        0.9418  0.0155  117.5225
    315            0.9093        0.6018       0.6312            0.6312        1.0072  0.0155  118.6279
    316            0.9252        0.6137       0.6300            0.6300        1.0006  0.0155  117.3297
    317            0.9232        0.6335       0.6339            0.6339        0.9687  0.0155  117.7720
    318            0.9498        0.5912       0.6451            0.6451        0.9190  0.0154  117.8354
    319            0.9363        0.5805       0.6381            0.6381        0.9615  0.0154  118.5654
    320            0.9425        0.6294       0.6400            0.6400        0.9384  0.0154  119.6239
    321            0.9398        0.6055       0.6312            0.6312        0.9796  0.0153  118.8675
    322            0.9371        0.6142       0.6508            0.6508        0.9386  0.0153  120.2574
    323            0.9475        0.6077       0.6454            0.6454        0.9228  0.0153  117.6980
    324            0.9186        0.5878       0.6427            0.6427        0.9547  0.0153  119.6984
    325            0.9479        0.5977       0.6451            0.6451        0.9268  0.0152  117.6798
    326            0.9483        0.6062       0.6373            0.6373        0.9562  0.0152  119.4260
    327            0.9306        0.6155       0.6466            0.6466        0.9633  0.0152  117.2580
    328            0.9556        0.5804       0.6535            0.6535        0.9443  0.0152  117.5080
    329            0.9421        0.6265       0.6339            0.6339        0.9751  0.0151  118.2643
    330            0.9228        0.6159       0.6358            0.6358        0.9691  0.0151  118.5862
    331            0.9279        0.6212       0.6474            0.6474        0.9400  0.0151  117.8990
    332            0.9340        0.5811       0.6362            0.6362        0.9781  0.0151  118.1155
    333            0.9360        0.5736       0.6304            0.6304        0.9916  0.0150  118.5553
    334            0.9309        0.5752       0.6489            0.6489        0.9610  0.0150  119.8314
    335            0.9502        0.5937       0.6470            0.6470        0.9425  0.0150  117.7567
    336            0.9448        0.5909       0.6462            0.6462        0.9461  0.0149  118.9562
    337            0.9525        0.5781       0.6559            0.6559        0.9471  0.0149  119.0428
    338            0.9591        0.5829       0.6447            0.6447        0.9436  0.0149  118.4303
    339            0.9495        0.5850       0.6535            0.6535        0.9393  0.0149  117.3276
    340            0.9425        0.6229       0.6346            0.6346        0.9812  0.0148  120.7353
    341            0.9174        0.5788       0.6262            0.6262        1.0282  0.0148  119.7290
    342            0.9441        0.5764       0.6458            0.6458        0.9463  0.0148  119.5487
    343            0.9583        0.5850       0.6501            0.6501        0.9334  0.0148  117.8232
    344            0.9109        0.5772       0.6250            0.6250        1.0332  0.0147  119.0661
    345            0.9429        0.5835       0.6300            0.6300        0.9768  0.0147  118.7991
    346            0.9252        0.5671       0.6319            0.6319        0.9821  0.0147  118.4757
    347            0.9417        0.5992       0.6512            0.6512        0.9169  0.0146  120.5914
    348            0.9514        0.5857       0.6551            0.6551        0.9455  0.0146  117.2205
    349            0.9360        0.5865       0.6146            0.6146        1.0330  0.0146  122.2693
    350            0.9576        0.5945       0.6470            0.6470        0.9542  0.0146  118.5406
    351            0.9514        0.5951       0.6358            0.6358        0.9552  0.0145  118.8913
    352            0.9414        0.5880       0.6451            0.6451        0.9610  0.0145  118.6218
    353            0.9622        0.5760       0.6412            0.6412        0.9529  0.0145  119.5951
    354            0.9479        0.5520       0.6481            0.6481        0.9608  0.0144  116.2813
    355            0.9606        0.6064       0.6493            0.6493        0.9307  0.0144  119.1236
    356            0.9599        0.5781       0.6443            0.6443        0.9371  0.0144  117.0210
    357            0.9275        0.5676       0.6296            0.6296        0.9966  0.0144  120.0156
    358            0.9622        0.5609       0.6350            0.6350        0.9574  0.0143  120.5843
    359            0.9279        0.6040       0.6370            0.6370        0.9842  0.0143  118.0716
    360            0.9618        0.5758       0.6431            0.6431        0.9477  0.0143  116.7310
    361            0.9522        0.5736       0.6478            0.6478        0.9598  0.0142  120.5946
    362            0.9599        0.5782       0.6400            0.6400        0.9808  0.0142  120.3677
Stopping since valid_loss has not improved in the last 200 epochs.
Elapsed time: 56770.661601781845 seconds
