  epoch    train_accuracy    train_loss    valid_acc    valid_accuracy    valid_loss      lr      dur
-------  ----------------  ------------  -----------  ----------------  ------------  ------  -------
      1            0.2500        9.4037       0.2500            0.2500      489.2582  0.0500  19.7755
      2            0.2500        4.3332       0.2500            0.2500      358.8965  0.0500  25.5580
      3            0.2500        3.2029       0.2500            0.2500      146.8900  0.0499  20.2247
      4            0.2500        2.7346       0.2500            0.2500       54.3031  0.0499  22.2659
      5            0.2500        2.5956       0.2500            0.2500        9.3881  0.0498  24.3155
      6            0.3090        2.2998       0.2465            0.2465        3.6354  0.0497  25.3962
      7            0.2500        1.9809       0.2500            0.2500        9.0734  0.0495  21.3316
      8            0.2500        1.6632       0.2500            0.2500        9.4350  0.0494  24.0441
      9            0.2500        1.4858       0.2500            0.2500        7.4709  0.0492  24.3868
     10            0.2500        1.3169       0.2500            0.2500        5.9395  0.0490  22.5327
     11            0.2500        1.2758       0.2500            0.2500        5.5042  0.0488  22.0329
     12            0.2500        1.2261       0.2500            0.2500        4.2516  0.0485  21.1485
     13            0.2500        1.3247       0.2500            0.2500        5.5975  0.0482  24.9439
     14            0.2500        1.2732       0.2500            0.2500        4.9482  0.0479  31.0359
     15            0.2500        1.2944       0.2500            0.2500        4.3480  0.0476  22.9378
     16            0.2604        1.2198       0.2604            0.2604        2.6460  0.0472  22.9768
     17            0.5521        1.0946       0.4479            0.4479        1.1509  0.0468  21.8657
     18            0.4479        0.9886       0.3438            0.3438        1.4565  0.0464  23.7897
     19            0.5278        0.9142       0.4757            0.4757        1.1014  0.0460  25.0590
     20            0.6771        0.8213       0.4896            0.4896        1.0129  0.0456  22.1740
     21            0.6910        0.8543       0.4931            0.4931        1.0296  0.0451  22.1861
     22            0.6076        0.8040       0.4896            0.4896        1.0637  0.0447  21.0044
     23            0.6701        0.7976       0.5000            0.5000        1.0166  0.0442  24.6508
     24            0.7361        0.7082       0.5521            0.5521        0.9809  0.0436  22.5609
     25            0.6701        0.8157       0.5243            0.5243        0.9852  0.0431  23.4078
     26            0.6354        0.7096       0.5069            0.5069        1.0057  0.0425  24.9862
     27            0.7188        0.6663       0.5694            0.5694        0.9667  0.0420  21.8829
     28            0.6215        0.6899       0.5069            0.5069        1.1062  0.0414  22.2485
     29            0.6146        0.7016       0.5000            0.5000        1.0998  0.0408  20.1797
     30            0.6632        0.6762       0.5174            0.5174        1.0289  0.0401  22.0130
     31            0.8194        0.7102       0.5486            0.5486        0.9880  0.0395  23.1858
     32            0.7986        0.7204       0.5417            0.5417        0.9646  0.0388  23.4823
     33            0.7951        0.6306       0.5417            0.5417        0.9706  0.0382  22.6413
     34            0.7917        0.6929       0.5451            0.5451        0.9744  0.0375  24.1860
     35            0.7396        0.6641       0.5417            0.5417        0.9793  0.0368  23.3263
     36            0.6979        0.6866       0.5347            0.5347        1.0858  0.0361  24.9837
     37            0.7882        0.6517       0.5486            0.5486        0.9729  0.0354  22.5887
     38            0.6597        0.5778       0.5278            0.5278        1.1189  0.0347  22.8852
     39            0.8090        0.5502       0.5417            0.5417        0.9985  0.0339  26.7674
     40            0.6806        0.5718       0.5208            0.5208        1.1372  0.0332  19.9028
     41            0.7535        0.5907       0.5243            0.5243        1.0712  0.0324  26.1269
     42            0.8472        0.5109       0.5382            0.5382        1.0246  0.0317  21.9455
     43            0.8264        0.5378       0.5729            0.5729        1.0156  0.0309  26.8352
     44            0.8715        0.5529       0.5833            0.5833        0.9815  0.0301  26.4059
     45            0.8264        0.5017       0.5868            0.5868        1.0083  0.0293  25.2395
     46            0.7326        0.5444       0.5347            0.5347        1.1106  0.0286  23.1176
     47            0.8056        0.5233       0.5799            0.5799        1.0149  0.0278  23.6600
     48            0.8264        0.5152       0.5660            0.5660        1.0108  0.0270  23.4818
     49            0.8229        0.5140       0.5833            0.5833        1.0277  0.0262  23.2831
Stopping since valid_loss has not improved in the last 18 epochs.
Elapsed time: 1256.933916568756 seconds
Used Annotations descriptions: ['feet', 'left_hand', 'right_hand', 'tongue']
Used Annotations descriptions: ['feet', 'left_hand', 'right_hand', 'tongue']
Used Annotations descriptions: ['feet', 'left_hand', 'right_hand', 'tongue']
Used Annotations descriptions: ['feet', 'left_hand', 'right_hand', 'tongue']
Used Annotations descriptions: ['feet', 'left_hand', 'right_hand', 'tongue']
Used Annotations descriptions: ['feet', 'left_hand', 'right_hand', 'tongue']
Used Annotations descriptions: ['feet', 'left_hand', 'right_hand', 'tongue']
Used Annotations descriptions: ['feet', 'left_hand', 'right_hand', 'tongue']
Used Annotations descriptions: ['feet', 'left_hand', 'right_hand', 'tongue']
Used Annotations descriptions: ['feet', 'left_hand', 'right_hand', 'tongue']
Used Annotations descriptions: ['feet', 'left_hand', 'right_hand', 'tongue']
Used Annotations descriptions: ['feet', 'left_hand', 'right_hand', 'tongue']
