  epoch    train_accuracy    train_loss    valid_acc    valid_accuracy    valid_loss      lr      dur
-------  ----------------  ------------  -----------  ----------------  ------------  ------  -------
      1            0.2500       15.8221       0.2500            0.2500      139.7192  0.0500  19.3976
      2            0.2500        5.9567       0.2500            0.2500       70.7736  0.0500  17.9761
      3            0.2465        3.7223       0.2222            0.2222       16.3268  0.0499  17.9060
      4            0.2535        2.1799       0.2465            0.2465       15.8979  0.0499  20.3326
      5            0.2500        1.7595       0.2500            0.2500       16.2974  0.0498  18.2838
      6            0.3611        1.6396       0.2465            0.2465        7.5000  0.0497  19.3739
      7            0.2951        1.4982       0.2604            0.2604        6.0671  0.0495  19.0099
      8            0.2812        1.3570       0.2535            0.2535        5.4144  0.0494  18.6755
      9            0.2743        1.2365       0.2569            0.2569        5.7269  0.0492  15.9694
     10            0.3611        1.2252       0.2604            0.2604        4.2464  0.0490  19.0934
     11            0.3646        1.2812       0.2604            0.2604        3.9335  0.0488  19.2887
     12            0.3646        1.2596       0.2708            0.2708        3.5672  0.0485  20.3800
     13            0.3785        1.2344       0.2500            0.2500        2.5873  0.0482  19.5397
     14            0.4306        1.2006       0.2604            0.2604        2.0113  0.0479  19.5722
     15            0.4201        1.1582       0.2604            0.2604        2.1281  0.0476  20.7020
     16            0.4514        1.1391       0.2500            0.2500        1.9691  0.0472  20.9168
     17            0.5660        1.2011       0.3090            0.3090        1.6661  0.0468  21.4113
     18            0.4653        1.1917       0.2674            0.2674        1.7618  0.0464  18.5249
     19            0.5729        1.1116       0.2778            0.2778        1.5625  0.0460  18.1995
     20            0.5590        1.0680       0.2847            0.2847        1.6501  0.0456  17.2845
     21            0.5938        1.1062       0.2743            0.2743        1.6408  0.0451  19.3799
     22            0.6285        1.0888       0.2535            0.2535        1.5980  0.0447  18.9527
     23            0.5833        1.1150       0.2500            0.2500        1.5678  0.0442  20.5898
     24            0.5208        1.0343       0.2639            0.2639        1.7241  0.0436  18.1330
     25            0.6319        1.0825       0.2292            0.2292        1.5752  0.0431  19.6842
     26            0.5764        1.0315       0.2500            0.2500        1.6897  0.0425  18.8699
     27            0.6181        1.0776       0.2569            0.2569        1.6317  0.0420  17.4992
     28            0.6042        1.0438       0.2535            0.2535        1.6301  0.0414  20.1770
     29            0.5799        1.0036       0.2535            0.2535        1.6868  0.0408  17.8977
     30            0.5764        1.0190       0.2604            0.2604        1.7114  0.0401  18.0021
     31            0.5382        1.0163       0.2431            0.2431        1.7215  0.0395  17.3510
     32            0.6181        0.9436       0.2604            0.2604        1.6725  0.0388  17.0552
     33            0.5035        0.9794       0.2396            0.2396        1.9335  0.0382  20.0023
     34            0.6111        0.9455       0.2847            0.2847        1.7632  0.0375  18.0594
     35            0.6111        1.0170       0.2639            0.2639        1.7265  0.0368  17.8150
     36            0.6910        0.9682       0.2743            0.2743        1.6100  0.0361  18.8294
Stopping since valid_loss has not improved in the last 18 epochs.
Elapsed time: 747.6124560832977 seconds
Used Annotations descriptions: ['feet', 'left_hand', 'right_hand', 'tongue']
Used Annotations descriptions: ['feet', 'left_hand', 'right_hand', 'tongue']
Used Annotations descriptions: ['feet', 'left_hand', 'right_hand', 'tongue']
Used Annotations descriptions: ['feet', 'left_hand', 'right_hand', 'tongue']
Used Annotations descriptions: ['feet', 'left_hand', 'right_hand', 'tongue']
Used Annotations descriptions: ['feet', 'left_hand', 'right_hand', 'tongue']
Used Annotations descriptions: ['feet', 'left_hand', 'right_hand', 'tongue']
Used Annotations descriptions: ['feet', 'left_hand', 'right_hand', 'tongue']
Used Annotations descriptions: ['feet', 'left_hand', 'right_hand', 'tongue']
Used Annotations descriptions: ['feet', 'left_hand', 'right_hand', 'tongue']
Used Annotations descriptions: ['feet', 'left_hand', 'right_hand', 'tongue']
Used Annotations descriptions: ['feet', 'left_hand', 'right_hand', 'tongue']
