  epoch    train_accuracy    train_loss    valid_acc    valid_accuracy    valid_loss      lr      dur
-------  ----------------  ------------  -----------  ----------------  ------------  ------  -------
      1            0.2500       12.0025       0.2500            0.2500      423.6421  0.0500  22.8557
      2            0.2500        3.9440       0.2500            0.2500      135.1701  0.0500  24.2908
      3            0.2500        2.9384       0.2500            0.2500       68.4725  0.0499  21.8409
      4            0.2500        2.5780       0.2500            0.2500       30.1727  0.0499  25.3470
      5            0.2604        2.1400       0.2431            0.2431       13.9383  0.0498  18.8989
      6            0.2847        1.8688       0.2569            0.2569        7.1424  0.0497  25.5941
      7            0.2500        2.0592       0.2500            0.2500        8.0422  0.0495  27.5196
      8            0.3021        1.8114       0.2674            0.2674        5.0982  0.0494  28.9204
      9            0.2500        1.6638       0.2500            0.2500        3.5582  0.0492  22.1085
     10            0.2604        1.5009       0.2500            0.2500        2.8681  0.0490  24.1040
     11            0.2847        1.4804       0.2535            0.2535        1.8651  0.0488  22.9081
     12            0.2778        1.4375       0.2569            0.2569        1.4904  0.0485  26.9576
     13            0.3611        1.4115       0.2500            0.2500        1.4357  0.0482  31.0213
     14            0.2812        1.4113       0.2535            0.2535        1.5983  0.0479  24.1295
     15            0.3854        1.4144       0.2604            0.2604        1.3998  0.0476  22.8167
     16            0.2812        1.4074       0.2535            0.2535        1.4733  0.0472  20.9904
     17            0.3681        1.3811       0.2951            0.2951        1.3909  0.0468  23.9396
     18            0.2708        1.3816       0.2639            0.2639        1.4494  0.0464  24.5812
     19            0.4028        1.3745       0.2708            0.2708        1.3941  0.0460  22.9336
     20            0.3472        1.3622       0.2708            0.2708        1.4329  0.0456  23.8350
     21            0.4097        1.3628       0.2674            0.2674        1.3952  0.0451  25.0815
     22            0.3507        1.3448       0.2569            0.2569        1.4178  0.0447  23.7358
     23            0.4132        1.3292       0.2778            0.2778        1.3865  0.0442  24.4947
     24            0.3958        1.3377       0.2604            0.2604        1.3949  0.0436  23.1503
     25            0.4062        1.3543       0.2569            0.2569        1.3988  0.0431  23.7248
     26            0.3785        1.3595       0.2917            0.2917        1.3896  0.0425  21.3926
     27            0.4097        1.3169       0.2743            0.2743        1.3988  0.0420  24.7882
     28            0.4410        1.3537       0.2778            0.2778        1.3908  0.0414  23.7623
     29            0.4549        1.3279       0.2882            0.2882        1.3864  0.0408  25.2447
     30            0.4688        1.3096       0.2639            0.2639        1.3870  0.0401  23.3986
     31            0.4132        1.2844       0.2743            0.2743        1.3915  0.0395  25.1430
     32            0.4479        1.3244       0.3056            0.3056        1.3863  0.0388  26.7094
     33            0.4618        1.3029       0.2986            0.2986        1.3905  0.0382  25.4182
     34            0.4479        1.2996       0.2743            0.2743        1.3902  0.0375  22.7362
     35            0.4688        1.2942       0.2847            0.2847        1.3807  0.0368  26.2196
     36            0.4861        1.3032       0.3021            0.3021        1.3805  0.0361  23.6624
     37            0.4722        1.2966       0.2951            0.2951        1.3860  0.0354  24.0261
     38            0.4340        1.2676       0.2917            0.2917        1.3842  0.0347  22.3062
     39            0.4271        1.2931       0.2882            0.2882        1.3787  0.0339  22.0707
     40            0.4896        1.2789       0.3056            0.3056        1.3800  0.0332  22.8888
     41            0.4757        1.3026       0.2917            0.2917        1.3805  0.0324  23.9587
     42            0.4931        1.3019       0.3194            0.3194        1.3815  0.0317  20.6178
     43            0.4653        1.2763       0.2986            0.2986        1.3834  0.0309  20.6958
     44            0.4444        1.2780       0.2951            0.2951        1.3934  0.0301  23.4426
     45            0.4757        1.2523       0.3021            0.3021        1.3842  0.0293  23.7876
     46            0.4722        1.2536       0.2847            0.2847        1.3982  0.0286  23.3397
     47            0.4375        1.2720       0.3056            0.3056        1.4128  0.0278  23.6729
     48            0.4444        1.2299       0.3125            0.3125        1.4235  0.0270  26.6883
     49            0.4062        1.2217       0.3125            0.3125        1.5002  0.0262  22.4961
     50            0.4896        1.2414       0.2743            0.2743        1.3973  0.0254  24.0321
     51            0.4826        1.2356       0.2778            0.2778        1.3923  0.0246  24.1655
     52            0.4792        1.2059       0.2986            0.2986        1.4227  0.0238  25.8260
     53            0.4444        1.2321       0.2986            0.2986        1.4664  0.0230  24.4081
     54            0.4653        1.2183       0.2812            0.2812        1.4759  0.0222  22.9501
     55            0.4688        1.2089       0.2743            0.2743        1.4486  0.0214  21.1891
     56            0.4549        1.1649       0.2847            0.2847        1.5186  0.0207  26.3529
Stopping since valid_loss has not improved in the last 18 epochs.
Elapsed time: 1475.1884405612946 seconds
Used Annotations descriptions: ['feet', 'left_hand', 'right_hand', 'tongue']
Used Annotations descriptions: ['feet', 'left_hand', 'right_hand', 'tongue']
Used Annotations descriptions: ['feet', 'left_hand', 'right_hand', 'tongue']
Used Annotations descriptions: ['feet', 'left_hand', 'right_hand', 'tongue']
Used Annotations descriptions: ['feet', 'left_hand', 'right_hand', 'tongue']
Used Annotations descriptions: ['feet', 'left_hand', 'right_hand', 'tongue']
Used Annotations descriptions: ['feet', 'left_hand', 'right_hand', 'tongue']
Used Annotations descriptions: ['feet', 'left_hand', 'right_hand', 'tongue']
Used Annotations descriptions: ['feet', 'left_hand', 'right_hand', 'tongue']
Used Annotations descriptions: ['feet', 'left_hand', 'right_hand', 'tongue']
Used Annotations descriptions: ['feet', 'left_hand', 'right_hand', 'tongue']
Used Annotations descriptions: ['feet', 'left_hand', 'right_hand', 'tongue']
