  epoch    train_accuracy    train_loss    valid_acc    valid_accuracy    valid_loss      lr      dur
-------  ----------------  ------------  -----------  ----------------  ------------  ------  -------
      1            0.2500       13.5212       0.2500            0.2500     1623.5743  0.0500  17.0409
      2            0.3056        4.8386       0.2639            0.2639      402.8289  0.0500  18.6320
      3            0.3507        2.9557       0.2917            0.2917      131.3900  0.0499  17.6469
      4            0.3299        2.3571       0.3160            0.3160       55.4279  0.0499  23.2806
      5            0.2604        2.1525       0.2569            0.2569       29.2960  0.0498  23.8032
      6            0.2708        1.6697       0.2708            0.2708       14.8702  0.0497  21.3231
      7            0.2674        1.4864       0.2639            0.2639        8.8412  0.0495  25.6398
      8            0.3368        1.4102       0.3264            0.3264        4.6622  0.0494  22.9384
      9            0.3819        1.3412       0.3333            0.3333        3.6623  0.0492  20.9957
     10            0.3854        1.3016       0.3125            0.3125        3.5906  0.0490  19.3217
     11            0.4062        1.2910       0.3403            0.3403        2.4032  0.0488  21.3453
     12            0.3785        1.2121       0.2847            0.2847        2.4034  0.0485  20.0235
     13            0.4132        1.2194       0.3125            0.3125        1.7718  0.0482  19.6905
     14            0.4062        1.1935       0.3090            0.3090        1.7898  0.0479  21.8823
     15            0.4444        1.1650       0.3299            0.3299        1.7217  0.0476  26.0318
     16            0.5208        1.1481       0.3958            0.3958        1.4358  0.0472  20.3206
     17            0.5938        1.1473       0.3958            0.3958        1.3907  0.0468  23.1227
     18            0.6181        1.1312       0.4583            0.4583        1.2450  0.0464  21.0107
     19            0.6076        1.0534       0.4583            0.4583        1.2043  0.0460  21.5536
     20            0.5764        1.0277       0.4410            0.4410        1.3792  0.0456  19.5144
     21            0.6181        0.9746       0.4410            0.4410        1.2661  0.0451  18.6539
     22            0.6493        0.9510       0.4861            0.4861        1.1569  0.0447  21.7129
     23            0.6771        0.8762       0.4826            0.4826        1.2128  0.0442  18.1356
     24            0.6076        0.8713       0.4306            0.4306        1.2187  0.0436  19.3015
     25            0.5660        0.8716       0.4236            0.4236        1.2745  0.0431  19.2486
     26            0.4861        0.7959       0.3854            0.3854        1.5003  0.0425  18.7708
     27            0.5208        0.7325       0.4062            0.4062        1.5212  0.0420  16.9431
     28            0.5938        0.7961       0.4201            0.4201        1.3018  0.0414  18.3553
     29            0.6285        0.7292       0.4410            0.4410        1.2055  0.0408  18.6104
     30            0.7118        0.7012       0.5035            0.5035        1.0859  0.0401  19.2015
     31            0.7674        0.6767       0.4861            0.4861        1.1162  0.0395  20.0112
     32            0.7153        0.7186       0.4653            0.4653        1.1694  0.0388  20.5312
     33            0.5972        0.6727       0.4549            0.4549        1.3307  0.0382  19.5290
     34            0.6736        0.6758       0.5104            0.5104        1.1398  0.0375  18.1367
     35            0.6215        0.6299       0.4514            0.4514        1.3716  0.0368  18.6167
     36            0.7292        0.6394       0.4757            0.4757        1.1504  0.0361  20.9756
     37            0.7049        0.5666       0.4896            0.4896        1.3609  0.0354  20.8000
     38            0.7743        0.5241       0.5312            0.5312        1.1750  0.0347  18.0185
     39            0.7326        0.5607       0.5312            0.5312        1.2547  0.0339  18.2319
     40            0.7153        0.5828       0.5278            0.5278        1.3321  0.0332  19.9466
     41            0.7083        0.6888       0.5069            0.5069        1.3816  0.0324  21.8145
     42            0.7917        0.6082       0.5451            0.5451        1.0520  0.0317  18.4875
     43            0.8160        0.6273       0.5312            0.5312        1.1338  0.0309  18.2188
     44            0.7847        0.5891       0.5486            0.5486        1.1178  0.0301  17.4295
     45            0.8194        0.5494       0.5521            0.5521        1.0448  0.0293  16.9446
     46            0.8021        0.5984       0.5417            0.5417        1.1200  0.0286  18.8685
     47            0.8333        0.5012       0.5521            0.5521        1.0716  0.0278  16.0006
     48            0.8160        0.4893       0.5382            0.5382        1.0937  0.0270  18.7953
     49            0.8229        0.5287       0.5521            0.5521        1.0609  0.0262  17.3412
     50            0.8264        0.4815       0.5451            0.5451        1.1124  0.0254  23.4278
     51            0.8299        0.4939       0.5556            0.5556        1.1285  0.0246  24.8938
     52            0.8542        0.4506       0.5278            0.5278        1.1517  0.0238  23.1445
     53            0.8403        0.4988       0.5382            0.5382        1.2039  0.0230  23.9219
     54            0.8507        0.4390       0.5521            0.5521        1.2111  0.0222  24.8752
     55            0.8299        0.4562       0.5417            0.5417        1.2429  0.0214  25.1400
     56            0.8264        0.4772       0.4965            0.4965        1.1960  0.0207  22.0834
     57            0.8299        0.4126       0.5104            0.5104        1.2032  0.0199  20.7845
     58            0.8056        0.4226       0.4896            0.4896        1.3363  0.0191  19.8004
     59            0.8333        0.5176       0.4931            0.4931        1.2650  0.0183  18.4929
     60            0.8438        0.4620       0.4931            0.4931        1.2202  0.0176  19.5917
     61            0.8507        0.4317       0.5139            0.5139        1.2188  0.0168  19.4344
     62            0.7986        0.4451       0.5208            0.5208        1.2672  0.0161  22.3233
Stopping since valid_loss has not improved in the last 18 epochs.
Elapsed time: 1375.6661682128906 seconds
Used Annotations descriptions: ['feet', 'left_hand', 'right_hand', 'tongue']
Used Annotations descriptions: ['feet', 'left_hand', 'right_hand', 'tongue']
Used Annotations descriptions: ['feet', 'left_hand', 'right_hand', 'tongue']
Used Annotations descriptions: ['feet', 'left_hand', 'right_hand', 'tongue']
Used Annotations descriptions: ['feet', 'left_hand', 'right_hand', 'tongue']
Used Annotations descriptions: ['feet', 'left_hand', 'right_hand', 'tongue']
Used Annotations descriptions: ['feet', 'left_hand', 'right_hand', 'tongue']
Used Annotations descriptions: ['feet', 'left_hand', 'right_hand', 'tongue']
Used Annotations descriptions: ['feet', 'left_hand', 'right_hand', 'tongue']
Used Annotations descriptions: ['feet', 'left_hand', 'right_hand', 'tongue']
Used Annotations descriptions: ['feet', 'left_hand', 'right_hand', 'tongue']
Used Annotations descriptions: ['feet', 'left_hand', 'right_hand', 'tongue']
