  epoch    train_accuracy    train_loss    valid_acc    valid_accuracy    valid_loss      lr      dur
-------  ----------------  ------------  -----------  ----------------  ------------  ------  -------
      1            0.2500       12.4879       0.2500            0.2500      896.3283  0.0500  22.2553
      2            0.2500        5.5313       0.2500            0.2500      355.3395  0.0500  23.6058
      3            0.2500        3.5536       0.2500            0.2500      165.7904  0.0499  17.6241
      4            0.2500        2.9764       0.2500            0.2500       62.3702  0.0499  18.9310
      5            0.2500        2.3935       0.2500            0.2500       17.0372  0.0498  18.9150
      6            0.2917        1.7935       0.2361            0.2361        5.4943  0.0497  17.8701
      7            0.3264        1.6831       0.2396            0.2396        3.8925  0.0495  18.8816
      8            0.3160        1.5061       0.2500            0.2500        4.1476  0.0494  20.1115
      9            0.3333        1.5195       0.2812            0.2812        3.6326  0.0492  16.7904
     10            0.2743        1.5522       0.2500            0.2500        2.5609  0.0490  17.5698
     11            0.3333        1.4635       0.2743            0.2743        2.5832  0.0488  16.5703
     12            0.3229        1.3338       0.2674            0.2674        2.1706  0.0485  17.9432
     13            0.2674        1.3220       0.2465            0.2465        2.4583  0.0482  16.5842
     14            0.2917        1.2972       0.2465            0.2465        2.3294  0.0479  17.9639
     15            0.2882        1.2936       0.2431            0.2431        2.1097  0.0476  19.4628
     16            0.3715        1.2822       0.2639            0.2639        1.8060  0.0472  20.9792
     17            0.3368        1.2804       0.2465            0.2465        1.8188  0.0468  22.8255
     18            0.3819        1.2893       0.2535            0.2535        1.6182  0.0464  20.1291
     19            0.3993        1.2636       0.2951            0.2951        1.5998  0.0460  24.4062
     20            0.4410        1.2566       0.2882            0.2882        1.5355  0.0456  21.8861
     21            0.4132        1.2047       0.2986            0.2986        1.6001  0.0451  23.7632
     22            0.4861        1.2777       0.2778            0.2778        1.5819  0.0447  25.2456
     23            0.5000        1.2022       0.2778            0.2778        1.5156  0.0442  20.7364
     24            0.5278        1.2447       0.2951            0.2951        1.4952  0.0436  24.4338
     25            0.5243        1.2328       0.2917            0.2917        1.4774  0.0431  22.4100
     26            0.5417        1.1992       0.2708            0.2708        1.5110  0.0425  18.7061
     27            0.5521        1.1424       0.2674            0.2674        1.5706  0.0420  18.9621
     28            0.5729        1.2593       0.2708            0.2708        1.5337  0.0414  18.4480
     29            0.5139        1.1829       0.2674            0.2674        1.4910  0.0408  17.6874
     30            0.5625        1.1814       0.2708            0.2708        1.5041  0.0401  20.0253
     31            0.5556        1.1816       0.2708            0.2708        1.6264  0.0395  19.4938
     32            0.5590        1.1412       0.2743            0.2743        1.6096  0.0388  20.4431
     33            0.5833        1.1878       0.2847            0.2847        1.5641  0.0382  21.9954
     34            0.5694        1.1308       0.2743            0.2743        1.5507  0.0375  18.6805
     35            0.5764        1.1217       0.2674            0.2674        1.5966  0.0368  18.4281
     36            0.5556        1.1230       0.2743            0.2743        1.6538  0.0361  16.2044
     37            0.5208        1.1334       0.2708            0.2708        1.6539  0.0354  19.2319
     38            0.5174        1.1592       0.2812            0.2812        1.6068  0.0347  19.8304
     39            0.5799        1.0639       0.2778            0.2778        1.6329  0.0339  18.1138
     40            0.6181        1.0930       0.2569            0.2569        1.6655  0.0332  15.1907
     41            0.5833        1.1247       0.2882            0.2882        1.6786  0.0324  18.4009
     42            0.5278        1.0227       0.2743            0.2743        1.6422  0.0317  18.6826
Stopping since valid_loss has not improved in the last 18 epochs.
Elapsed time: 904.8246283531189 seconds
Used Annotations descriptions: ['feet', 'left_hand', 'right_hand', 'tongue']
Used Annotations descriptions: ['feet', 'left_hand', 'right_hand', 'tongue']
Used Annotations descriptions: ['feet', 'left_hand', 'right_hand', 'tongue']
Used Annotations descriptions: ['feet', 'left_hand', 'right_hand', 'tongue']
Used Annotations descriptions: ['feet', 'left_hand', 'right_hand', 'tongue']
Used Annotations descriptions: ['feet', 'left_hand', 'right_hand', 'tongue']
Used Annotations descriptions: ['feet', 'left_hand', 'right_hand', 'tongue']
Used Annotations descriptions: ['feet', 'left_hand', 'right_hand', 'tongue']
Used Annotations descriptions: ['feet', 'left_hand', 'right_hand', 'tongue']
Used Annotations descriptions: ['feet', 'left_hand', 'right_hand', 'tongue']
Used Annotations descriptions: ['feet', 'left_hand', 'right_hand', 'tongue']
Used Annotations descriptions: ['feet', 'left_hand', 'right_hand', 'tongue']
