  epoch    train_accuracy    train_loss    valid_acc    valid_accuracy    valid_loss      lr      dur
-------  ----------------  ------------  -----------  ----------------  ------------  ------  -------
      1            0.2894        1.8043       0.2894            0.2894        1.3891  0.0006  84.1988
      2            0.2890        1.6507       0.2712            0.2712        1.3893  0.0006  88.4147
      3            0.3048        1.5528       0.2693            0.2693        1.3889  0.0006  78.9004
      4            0.3102        1.4982       0.2851            0.2851        1.4056  0.0006  85.2853
      5            0.3148        1.4318       0.2789            0.2789        1.4278  0.0006  83.0869
      6            0.2932        1.3850       0.2739            0.2739        1.4777  0.0006  87.6472
      7            0.3476        1.3694       0.3183            0.3183        1.3863  0.0006  78.6023
      8            0.3160        1.3588       0.2905            0.2905        1.4263  0.0006  85.5674
      9            0.2971        1.3362       0.2878            0.2878        1.4663  0.0006  80.9036
     10            0.3171        1.3228       0.2913            0.2913        1.4380  0.0006  80.4247
     11            0.3526        1.3033       0.3144            0.3144        1.4058  0.0006  52.6212
     12            0.3422        1.3063       0.3117            0.3117        1.3944  0.0006  69.0496
     13            0.3723        1.2828       0.3272            0.3272        1.3686  0.0006  101.4246
     14            0.3854        1.2728       0.3322            0.3322        1.4149  0.0006  109.6035
     15            0.3711        1.2761       0.3291            0.3291        1.4094  0.0006  128.4052
     16            0.4309        1.2653       0.3627            0.3627        1.3411  0.0006  153.6208
     17            0.3708        1.2402       0.3318            0.3318        1.3735  0.0006  75.0557
     18            0.4390        1.2284       0.3654            0.3654        1.3417  0.0006  79.9525
     19            0.4225        1.2282       0.3546            0.3546        1.3658  0.0006  49.5522
     20            0.4232        1.2170       0.3549            0.3549        1.3872  0.0006  43.3973
     21            0.4190        1.1833       0.3584            0.3584        1.3908  0.0006  46.1200
     22            0.4228        1.1891       0.3600            0.3600        1.3854  0.0006  50.7777
     23            0.4556        1.1845       0.3816            0.3816        1.3404  0.0006  61.2485
     24            0.4599        1.1646       0.3738            0.3738        1.3625  0.0006  69.0066
     25            0.4379        1.1598       0.3661            0.3661        1.3595  0.0006  87.7906
     26            0.4946        1.1488       0.4005            0.4005        1.3239  0.0006  120.4171
     27            0.4934        1.1341       0.3954            0.3954        1.3217  0.0006  112.4798
     28            0.4919        1.1285       0.4047            0.4047        1.3200  0.0006  123.9870
     29            0.4788        1.1073       0.3993            0.3993        1.3161  0.0006  126.6705
     30            0.4834        1.1023       0.4001            0.4001        1.3004  0.0006  131.4078
     31            0.5278        1.0866       0.4205            0.4205        1.2839  0.0006  128.5427
     32            0.5374        1.0756       0.4321            0.4321        1.2749  0.0006  132.8123
     33            0.5436        1.0588       0.4452            0.4452        1.2475  0.0006  120.7275
     34            0.5309        1.0409       0.4221            0.4221        1.2963  0.0006  128.1187
     35            0.5343        1.0458       0.4356            0.4356        1.2761  0.0006  132.9125
     36            0.5529        1.0415       0.4537            0.4537        1.2433  0.0006  131.6035
     37            0.5664        1.0110       0.4556            0.4556        1.2206  0.0006  128.4136
     38            0.5691        1.0083       0.4630            0.4630        1.2254  0.0006  128.7965
     39            0.5694        1.0053       0.4564            0.4564        1.2222  0.0006  127.6177
     40            0.5428        1.0003       0.4506            0.4506        1.2481  0.0006  128.8422
     41            0.5579        1.0227       0.4525            0.4525        1.2500  0.0006  123.9605
     42            0.6057        0.9905       0.4715            0.4715        1.1927  0.0006  123.3320
     43            0.5891        0.9841       0.4695            0.4695        1.2162  0.0006  130.3830
     44            0.6019        0.9770       0.4668            0.4668        1.2020  0.0006  121.3235
     45            0.5938        0.9636       0.4695            0.4695        1.2081  0.0006  130.1466
     46            0.6026        0.9598       0.4749            0.4749        1.1953  0.0006  132.5532
     47            0.6154        0.9522       0.4765            0.4765        1.1905  0.0006  124.0498
     48            0.6177        0.9520       0.4819            0.4819        1.1939  0.0006  127.0681
     49            0.5907        0.9449       0.4676            0.4676        1.2120  0.0006  131.6641
     50            0.6142        0.9367       0.4761            0.4761        1.1908  0.0006  125.4374
     51            0.6269        0.9267       0.4819            0.4819        1.1783  0.0006  127.7856
     52            0.6362        0.9312       0.4857            0.4857        1.1700  0.0006  121.9902
     53            0.6235        0.9359       0.4799            0.4799        1.1801  0.0006  128.8577
     54            0.6343        0.9114       0.4900            0.4900        1.1811  0.0006  127.0913
     55            0.6400        0.9100       0.4900            0.4900        1.1660  0.0006  131.2446
     56            0.6362        0.9101       0.4931            0.4931        1.1730  0.0006  132.0353
     57            0.6497        0.9057       0.4907            0.4907        1.1637  0.0006  125.4815
     58            0.6300        0.8882       0.4869            0.4869        1.1833  0.0006  127.7656
     59            0.6559        0.9063       0.4958            0.4958        1.1500  0.0006  130.5494
     60            0.6343        0.9021       0.4873            0.4873        1.1833  0.0006  127.8014
     61            0.6551        0.8863       0.4938            0.4938        1.1628  0.0006  142.4656
     62            0.6551        0.8884       0.4985            0.4985        1.1755  0.0006  147.6469
     63            0.6852        0.8888       0.5073            0.5073        1.1322  0.0006  137.9754
     64            0.6590        0.8713       0.5039            0.5039        1.1694  0.0006  138.7529
     65            0.6516        0.8679       0.4961            0.4961        1.1862  0.0006  125.4940
     66            0.6520        0.8811       0.5019            0.5019        1.1766  0.0006  125.9011
     67            0.6779        0.8661       0.5046            0.5046        1.1618  0.0006  128.6293
     68            0.6829        0.8635       0.4969            0.4969        1.1534  0.0006  143.4865
     69            0.6593        0.8784       0.4900            0.4900        1.1866  0.0006  166.0333
     70            0.6840        0.8650       0.4996            0.4996        1.1521  0.0006  169.5394
     71            0.6721        0.8575       0.4977            0.4977        1.1741  0.0006  138.9858
     72            0.6644        0.8357       0.4934            0.4934        1.1772  0.0006  132.0993
     73            0.6744        0.8592       0.4977            0.4977        1.1701  0.0006  134.5920
     74            0.6902        0.8141       0.5069            0.5069        1.1547  0.0006  138.9455
     75            0.6690        0.8308       0.5015            0.5015        1.1666  0.0006  150.9385
     76            0.6771        0.8272       0.5004            0.5004        1.1697  0.0006  155.7775
     77            0.7045        0.8227       0.5046            0.5046        1.1496  0.0006  153.5671
     78            0.6956        0.8105       0.5031            0.5031        1.1500  0.0006  151.9895
     79            0.7006        0.8165       0.5039            0.5039        1.1463  0.0006  152.9078
     80            0.6979        0.8270       0.5031            0.5031        1.1521  0.0006  155.4946
     81            0.6921        0.8279       0.5046            0.5046        1.1529  0.0006  147.4609
     82            0.7149        0.8166       0.5112            0.5112        1.1347  0.0006  152.9019
     83            0.6937        0.8087       0.5039            0.5039        1.1561  0.0006  170.6164
     84            0.7157        0.8106       0.5120            0.5120        1.1334  0.0006  166.7275
     85            0.7288        0.8130       0.5216            0.5216        1.1223  0.0006  146.7384
     86            0.7041        0.7854       0.5174            0.5174        1.1436  0.0006  146.3462
     87            0.7272        0.7980       0.5150            0.5150        1.1229  0.0006  144.9721
     88            0.6917        0.7848       0.5012            0.5012        1.1643  0.0006  144.2240
     89            0.6987        0.8105       0.5150            0.5150        1.1622  0.0006  144.8017
     90            0.7025        0.7911       0.5035            0.5035        1.1592  0.0006  159.1415
     91            0.7141        0.7817       0.5181            0.5181        1.1432  0.0005  146.8188
     92            0.7369        0.7816       0.5224            0.5224        1.1117  0.0005  153.5879
     93            0.7284        0.7805       0.5216            0.5216        1.1312  0.0005  145.1022
     94            0.7172        0.7757       0.5085            0.5085        1.1483  0.0005  132.7056
     95            0.7191        0.7656       0.5166            0.5166        1.1455  0.0005  125.6015
     96            0.7149        0.7589       0.5116            0.5116        1.1518  0.0005  132.3045
     97            0.7172        0.7797       0.5147            0.5147        1.1396  0.0005  131.2850
     98            0.7033        0.7681       0.5035            0.5035        1.1701  0.0005  122.1418
     99            0.7388        0.7657       0.5123            0.5123        1.1383  0.0005  119.8865
    100            0.7326        0.7618       0.5185            0.5185        1.1496  0.0005  113.8220
    101            0.7149        0.7642       0.5035            0.5035        1.1708  0.0005  133.7747
    102            0.7488        0.7494       0.5309            0.5309        1.1207  0.0005  120.0762
    103            0.7419        0.7504       0.5181            0.5181        1.1321  0.0005  116.0900
    104            0.7531        0.7713       0.5243            0.5243        1.1144  0.0005  127.4179
    105            0.7404        0.7337       0.5212            0.5212        1.1366  0.0005  121.0750
    106            0.7226        0.7495       0.5120            0.5120        1.1603  0.0005  125.8511
    107            0.7353        0.7482       0.5150            0.5150        1.1459  0.0005  119.6638
    108            0.7234        0.7357       0.5089            0.5089        1.1576  0.0005  114.0162
    109            0.7539        0.7326       0.5220            0.5220        1.1262  0.0005  116.0734
    110            0.7357        0.7401       0.5216            0.5216        1.1407  0.0005  128.9961
    111            0.7485        0.7430       0.5231            0.5231        1.1311  0.0005  121.2829
    112            0.7407        0.7235       0.5189            0.5189        1.1465  0.0005  124.8900
    113            0.7450        0.7361       0.5305            0.5305        1.1420  0.0005  131.8199
    114            0.7558        0.7206       0.5274            0.5274        1.1263  0.0005  102.6628
    115            0.7596        0.7203       0.5251            0.5251        1.1290  0.0005  91.4348
    116            0.7365        0.7449       0.5247            0.5247        1.1496  0.0005  91.0281
    117            0.7404        0.7449       0.5174            0.5174        1.1500  0.0005  87.5717
    118            0.7384        0.7293       0.5177            0.5177        1.1514  0.0005  100.2326
    119            0.7535        0.7289       0.5224            0.5224        1.1275  0.0005  119.1126
    120            0.7519        0.7130       0.5274            0.5274        1.1364  0.0005  98.8572
    121            0.7639        0.6984       0.5220            0.5220        1.1308  0.0005  99.6875
    122            0.7492        0.7133       0.5177            0.5177        1.1479  0.0005  102.2668
    123            0.7531        0.6985       0.5170            0.5170        1.1546  0.0005  89.5900
    124            0.7670        0.7197       0.5251            0.5251        1.1324  0.0005  97.5759
    125            0.7515        0.7272       0.5135            0.5135        1.1621  0.0005  87.3550
    126            0.7546        0.7171       0.5135            0.5135        1.1601  0.0005  139.1736
    127            0.7616        0.7105       0.5197            0.5197        1.1421  0.0005  85.7628
    128            0.7716        0.7227       0.5285            0.5285        1.1365  0.0005  90.3820
    129            0.7666        0.6934       0.5278            0.5278        1.1454  0.0005  92.5472
    130            0.7840        0.7155       0.5274            0.5274        1.1250  0.0005  98.8174
    131            0.7836        0.7105       0.5289            0.5289        1.1222  0.0005  91.4221
    132            0.7758        0.6996       0.5347            0.5347        1.1312  0.0005  116.0900
    133            0.7728        0.7141       0.5208            0.5208        1.1406  0.0005  90.0925
    134            0.7600        0.6955       0.5189            0.5189        1.1552  0.0005  115.8001
    135            0.7743        0.6918       0.5247            0.5247        1.1433  0.0005  87.8596
    136            0.7670        0.7150       0.5235            0.5235        1.1562  0.0005  91.8287
    137            0.7577        0.7049       0.5166            0.5166        1.1570  0.0005  91.4536
    138            0.7662        0.7014       0.5212            0.5212        1.1571  0.0005  96.3464
    139            0.7650        0.7041       0.5208            0.5208        1.1523  0.0005  89.9584
    140            0.7704        0.7042       0.5301            0.5301        1.1386  0.0005  88.2973
    141            0.7720        0.7103       0.5255            0.5255        1.1378  0.0005  97.5525
    142            0.7666        0.7021       0.5316            0.5316        1.1394  0.0005  96.2524
    143            0.7693        0.7115       0.5258            0.5258        1.1479  0.0004  124.1440
    144            0.7704        0.6807       0.5208            0.5208        1.1453  0.0004  105.9702
    145            0.7716        0.6912       0.5197            0.5197        1.1490  0.0004  105.0294
    146            0.7805        0.7013       0.5274            0.5274        1.1303  0.0004  91.9713
    147            0.7789        0.6892       0.5258            0.5258        1.1346  0.0004  92.1276
    148            0.7824        0.6570       0.5332            0.5332        1.1307  0.0004  90.7156
    149            0.7859        0.6870       0.5270            0.5270        1.1341  0.0004  90.4062
    150            0.7747        0.6736       0.5312            0.5312        1.1390  0.0004  88.8208
    151            0.7766        0.6677       0.5228            0.5228        1.1496  0.0004  94.5105
    152            0.7812        0.6848       0.5258            0.5258        1.1405  0.0004  96.7358
    153            0.7816        0.6794       0.5285            0.5285        1.1408  0.0004  91.2944
    154            0.7639        0.6958       0.5289            0.5289        1.1581  0.0004  97.1569
    155            0.7689        0.6921       0.5228            0.5228        1.1528  0.0004  95.7437
    156            0.7755        0.6585       0.5255            0.5255        1.1579  0.0004  92.3647
    157            0.7774        0.6596       0.5228            0.5228        1.1635  0.0004  91.2867
    158            0.7716        0.6817       0.5262            0.5262        1.1691  0.0004  90.0166
    159            0.7809        0.6811       0.5255            0.5255        1.1562  0.0004  92.2971
    160            0.7616        0.6732       0.5185            0.5185        1.1698  0.0004  95.5597
    161            0.7755        0.6751       0.5220            0.5220        1.1676  0.0004  94.3644
    162            0.7812        0.6677       0.5274            0.5274        1.1593  0.0004  91.7964
    163            0.7855        0.6677       0.5247            0.5247        1.1564  0.0004  93.0342
    164            0.7905        0.6666       0.5297            0.5297        1.1465  0.0004  92.9553
    165            0.7909        0.6637       0.5262            0.5262        1.1536  0.0004  94.5309
    166            0.7843        0.6896       0.5309            0.5309        1.1525  0.0004  93.4227
    167            0.7948        0.6687       0.5293            0.5293        1.1547  0.0004  88.0156
    168            0.7758        0.6643       0.5162            0.5162        1.1661  0.0004  110.6416
    169            0.7801        0.6669       0.5270            0.5270        1.1695  0.0004  94.9128
    170            0.7897        0.6550       0.5251            0.5251        1.1669  0.0004  99.4975
    171            0.7951        0.6475       0.5285            0.5285        1.1514  0.0004  88.0452
    172            0.7851        0.6743       0.5289            0.5289        1.1547  0.0004  91.7193
    173            0.7820        0.6450       0.5251            0.5251        1.1629  0.0004  93.5268
    174            0.7778        0.6648       0.5293            0.5293        1.1654  0.0004  98.8246
    175            0.7766        0.6601       0.5270            0.5270        1.1723  0.0004  90.5995
    176            0.7897        0.6464       0.5316            0.5316        1.1592  0.0004  105.1994
    177            0.7843        0.6630       0.5293            0.5293        1.1594  0.0004  88.1758
    178            0.7816        0.6486       0.5231            0.5231        1.1722  0.0004  84.5606
    179            0.7894        0.6752       0.5270            0.5270        1.1634  0.0004  90.1192
    180            0.7982        0.6447       0.5324            0.5324        1.1573  0.0004  89.5412
    181            0.7890        0.6511       0.5274            0.5274        1.1610  0.0004  89.0605
    182            0.7851        0.6683       0.5266            0.5266        1.1679  0.0004  89.4962
    183            0.8005        0.6578       0.5305            0.5305        1.1522  0.0004  87.2458
    184            0.7936        0.6502       0.5262            0.5262        1.1602  0.0004  89.5833
    185            0.7832        0.6524       0.5293            0.5293        1.1817  0.0004  126.5919
    186            0.7890        0.6428       0.5297            0.5297        1.1696  0.0003  90.6620
    187            0.7978        0.6317       0.5370            0.5370        1.1633  0.0003  91.5701
    188            0.7901        0.6438       0.5270            0.5270        1.1710  0.0003  113.2545
    189            0.7843        0.6392       0.5266            0.5266        1.1799  0.0003  98.8961
    190            0.7971        0.6570       0.5235            0.5235        1.1674  0.0003  136.2928
    191            0.8029        0.6214       0.5316            0.5316        1.1665  0.0003  91.0022
    192            0.7936        0.6390       0.5258            0.5258        1.1716  0.0003  89.5129
    193            0.8013        0.6479       0.5340            0.5340        1.1647  0.0003  91.2755
    194            0.7940        0.6609       0.5285            0.5285        1.1739  0.0003  92.4537
    195            0.7917        0.6550       0.5312            0.5312        1.1682  0.0003  88.0247
    196            0.7951        0.6470       0.5293            0.5293        1.1659  0.0003  87.0230
    197            0.7870        0.6293       0.5251            0.5251        1.1805  0.0003  87.3645
    198            0.7917        0.6354       0.5285            0.5285        1.1645  0.0003  89.6608
    199            0.7990        0.6487       0.5293            0.5293        1.1682  0.0003  88.0189
    200            0.8002        0.6271       0.5312            0.5312        1.1656  0.0003  90.4084
    201            0.7948        0.6449       0.5289            0.5289        1.1733  0.0003  97.1988
    202            0.7998        0.6225       0.5309            0.5309        1.1665  0.0003  84.8531
    203            0.7967        0.6242       0.5305            0.5305        1.1744  0.0003  93.2507
    204            0.7978        0.6385       0.5340            0.5340        1.1763  0.0003  88.8274
    205            0.7913        0.6353       0.5309            0.5309        1.1874  0.0003  91.5687
    206            0.7940        0.6369       0.5274            0.5274        1.1770  0.0003  94.6922
    207            0.8032        0.6221       0.5355            0.5355        1.1722  0.0003  93.1724
    208            0.8048        0.6425       0.5328            0.5328        1.1659  0.0003  94.2150
    209            0.8040        0.6600       0.5347            0.5347        1.1649  0.0003  93.0652
    210            0.8113        0.6482       0.5258            0.5258        1.1563  0.0003  94.9059
    211            0.8125        0.6566       0.5397            0.5397        1.1530  0.0003  99.2786
    212            0.8005        0.6353       0.5293            0.5293        1.1691  0.0003  83.6573
    213            0.8071        0.6286       0.5367            0.5367        1.1594  0.0003  77.2857
    214            0.8048        0.6273       0.5305            0.5305        1.1693  0.0003  81.3901
    215            0.7959        0.6326       0.5328            0.5328        1.1738  0.0003  76.8058
    216            0.7932        0.6412       0.5320            0.5320        1.1805  0.0003  81.9891
    217            0.7921        0.6299       0.5320            0.5320        1.1827  0.0003  80.2493
    218            0.7928        0.6362       0.5367            0.5367        1.1774  0.0003  85.5380
    219            0.7998        0.6178       0.5336            0.5336        1.1730  0.0003  75.5067
    220            0.8017        0.6236       0.5278            0.5278        1.1776  0.0003  79.3446
    221            0.7990        0.6333       0.5312            0.5312        1.1775  0.0003  77.9964
    222            0.8048        0.6292       0.5320            0.5320        1.1716  0.0003  78.4670
    223            0.7975        0.6226       0.5320            0.5320        1.1831  0.0003  77.9381
    224            0.8156        0.6419       0.5293            0.5293        1.1659  0.0003  79.3791
    225            0.8083        0.6443       0.5282            0.5282        1.1729  0.0003  74.5914
    226            0.8098        0.6422       0.5285            0.5285        1.1727  0.0003  75.3826
    227            0.8129        0.6308       0.5278            0.5278        1.1696  0.0002  82.5825
    228            0.8075        0.6294       0.5274            0.5274        1.1727  0.0002  79.8111
    229            0.8152        0.6370       0.5309            0.5309        1.1602  0.0002  79.7538
    230            0.8113        0.6252       0.5320            0.5320        1.1696  0.0002  85.5190
    231            0.8098        0.6239       0.5316            0.5316        1.1766  0.0002  81.2162
    232            0.8079        0.6209       0.5297            0.5297        1.1804  0.0002  76.5436
    233            0.8083        0.6098       0.5309            0.5309        1.1720  0.0002  80.7680
    234            0.8121        0.6353       0.5278            0.5278        1.1688  0.0002  79.8377
    235            0.8152        0.6370       0.5309            0.5309        1.1710  0.0002  77.0274
    236            0.7994        0.6255       0.5270            0.5270        1.1932  0.0002  74.9432
    237            0.8048        0.6390       0.5255            0.5255        1.1809  0.0002  77.8626
    238            0.8005        0.6018       0.5282            0.5282        1.1877  0.0002  79.3718
    239            0.7971        0.6170       0.5255            0.5255        1.1863  0.0002  74.9394
    240            0.8056        0.6132       0.5328            0.5328        1.1821  0.0002  80.2214
    241            0.8040        0.6167       0.5343            0.5343        1.1846  0.0002  89.5604
    242            0.8121        0.6237       0.5347            0.5347        1.1753  0.0002  89.0988
    243            0.8063        0.6124       0.5305            0.5305        1.1824  0.0002  79.3506
    244            0.8075        0.6200       0.5320            0.5320        1.1809  0.0002  86.4029
    245            0.8102        0.6092       0.5332            0.5332        1.1836  0.0002  82.1048
    246            0.8052        0.6169       0.5316            0.5316        1.1838  0.0002  96.4723
    247            0.8013        0.6010       0.5316            0.5316        1.1839  0.0002  79.2674
    248            0.7975        0.6193       0.5336            0.5336        1.1848  0.0002  79.7441
    249            0.8129        0.6236       0.5343            0.5343        1.1733  0.0002  78.5536
    250            0.8125        0.6319       0.5332            0.5332        1.1746  0.0002  78.8947
    251            0.8117        0.6020       0.5320            0.5320        1.1707  0.0002  82.4469
    252            0.8086        0.6037       0.5355            0.5355        1.1744  0.0002  78.1288
    253            0.8075        0.6028       0.5347            0.5347        1.1759  0.0002  82.8493
    254            0.8160        0.6034       0.5363            0.5363        1.1717  0.0002  79.2107
    255            0.8152        0.5980       0.5390            0.5390        1.1717  0.0002  82.3481
    256            0.8164        0.6236       0.5382            0.5382        1.1678  0.0002  76.2306
    257            0.8248        0.6208       0.5367            0.5367        1.1684  0.0002  79.8465
    258            0.8129        0.6080       0.5347            0.5347        1.1792  0.0002  74.7353
    259            0.8106        0.6067       0.5340            0.5340        1.1787  0.0002  85.6733
    260            0.8083        0.6157       0.5367            0.5367        1.1780  0.0002  80.4863
    261            0.8036        0.6316       0.5359            0.5359        1.1829  0.0002  78.2843
    262            0.8148        0.6101       0.5351            0.5351        1.1760  0.0002  77.0882
    263            0.8140        0.6082       0.5343            0.5343        1.1793  0.0002  78.0682
    264            0.8121        0.6184       0.5351            0.5351        1.1830  0.0002  78.2453
    265            0.8040        0.6241       0.5351            0.5351        1.1912  0.0002  76.7897
    266            0.8048        0.6015       0.5332            0.5332        1.1898  0.0002  79.4555
    267            0.8067        0.6007       0.5378            0.5378        1.1841  0.0002  76.6329
    268            0.8202        0.5949       0.5367            0.5367        1.1772  0.0002  113.6800
    269            0.8148        0.5940       0.5363            0.5363        1.1769  0.0002  93.5302
    270            0.8121        0.6054       0.5363            0.5363        1.1825  0.0001  83.4777
    271            0.8079        0.6176       0.5324            0.5324        1.1920  0.0001  77.5891
    272            0.8133        0.6021       0.5324            0.5324        1.1876  0.0001  75.6992
    273            0.8125        0.6032       0.5347            0.5347        1.1866  0.0001  90.4036
    274            0.8067        0.6037       0.5320            0.5320        1.1883  0.0001  82.7169
    275            0.8059        0.6244       0.5336            0.5336        1.1892  0.0001  79.7533
    276            0.8102        0.5924       0.5405            0.5405        1.1878  0.0001  77.5667
    277            0.8056        0.5940       0.5351            0.5351        1.1914  0.0001  79.5766
    278            0.8029        0.6007       0.5347            0.5347        1.1958  0.0001  77.1643
    279            0.8094        0.6000       0.5370            0.5370        1.1899  0.0001  83.8061
    280            0.8098        0.6211       0.5401            0.5401        1.1844  0.0001  76.4375
    281            0.8152        0.6131       0.5370            0.5370        1.1850  0.0001  75.7278
    282            0.8129        0.6027       0.5359            0.5359        1.1852  0.0001  81.6144
    283            0.8059        0.6046       0.5359            0.5359        1.1937  0.0001  76.2999
    284            0.8036        0.6159       0.5340            0.5340        1.1914  0.0001  88.2786
    285            0.7978        0.5941       0.5320            0.5320        1.1980  0.0001  74.7753
    286            0.8059        0.6013       0.5340            0.5340        1.1904  0.0001  75.7688
    287            0.8067        0.6066       0.5343            0.5343        1.1895  0.0001  74.9349
    288            0.8094        0.5875       0.5355            0.5355        1.1884  0.0001  87.5971
    289            0.8048        0.5821       0.5320            0.5320        1.1948  0.0001  90.6571
    290            0.8079        0.6171       0.5332            0.5332        1.1890  0.0001  74.4575
    291            0.8094        0.5925       0.5351            0.5351        1.1874  0.0001  67.2665
    292            0.8083        0.5924       0.5401            0.5401        1.1911  0.0001  73.3371
    293            0.8125        0.5797       0.5351            0.5351        1.1889  0.0001  70.3195
    294            0.8094        0.5921       0.5378            0.5378        1.1939  0.0001  77.9516
    295            0.8059        0.5894       0.5351            0.5351        1.1928  0.0001  72.7302
    296            0.8106        0.6079       0.5347            0.5347        1.1886  0.0001  86.4058
    297            0.8094        0.6089       0.5340            0.5340        1.1906  0.0001  88.5751
    298            0.8140        0.6028       0.5355            0.5355        1.1876  0.0001  85.5414
    299            0.8083        0.6003       0.5340            0.5340        1.1899  0.0001  82.6028
    300            0.8098        0.5892       0.5343            0.5343        1.1894  0.0001  85.2034
    301            0.8075        0.5951       0.5336            0.5336        1.1942  0.0001  79.9164
    302            0.8086        0.6102       0.5355            0.5355        1.1909  0.0001  82.9934
    303            0.8079        0.5784       0.5343            0.5343        1.1972  0.0001  80.7095
    304            0.8106        0.5935       0.5359            0.5359        1.1903  0.0001  76.0280
    305            0.8098        0.5993       0.5359            0.5359        1.1905  0.0001  87.7990
    306            0.8044        0.5931       0.5359            0.5359        1.1939  0.0001  84.5085
    307            0.8040        0.6017       0.5355            0.5355        1.1936  0.0001  81.9574
    308            0.8098        0.5922       0.5370            0.5370        1.1913  0.0001  89.0880
    309            0.8025        0.5793       0.5351            0.5351        1.1973  0.0001  85.5669
    310            0.8021        0.5887       0.5324            0.5324        1.1966  0.0001  75.0481
    311            0.8094        0.5997       0.5370            0.5370        1.1915  0.0001  75.3910
    312            0.8079        0.6000       0.5355            0.5355        1.1898  0.0001  72.3269
    313            0.8083        0.6010       0.5367            0.5367        1.1929  0.0001  73.3258
    314            0.8113        0.6093       0.5363            0.5363        1.1884  0.0001  71.9602
    315            0.8117        0.5977       0.5367            0.5367        1.1867  0.0001  81.4416
    316            0.8156        0.5909       0.5370            0.5370        1.1862  0.0001  74.4398
    317            0.8129        0.5798       0.5370            0.5370        1.1877  0.0001  71.6638
    318            0.8164        0.6038       0.5374            0.5374        1.1891  0.0001  69.9411
    319            0.8125        0.6119       0.5355            0.5355        1.1886  0.0001  72.4454
    320            0.8133        0.5949       0.5351            0.5351        1.1876  0.0001  87.2933
    321            0.8129        0.5903       0.5367            0.5367        1.1908  0.0001  75.8426
    322            0.8113        0.6111       0.5343            0.5343        1.1906  0.0001  73.9537
    323            0.8098        0.6063       0.5382            0.5382        1.1908  0.0001  75.9723
    324            0.8090        0.6059       0.5382            0.5382        1.1927  0.0001  85.2805
    325            0.8137        0.5989       0.5363            0.5363        1.1921  0.0001  75.9635
    326            0.8106        0.5758       0.5340            0.5340        1.1927  0.0001  70.6317
    327            0.8121        0.5995       0.5343            0.5343        1.1907  0.0001  75.3417
    328            0.8171        0.6045       0.5370            0.5370        1.1869  0.0000  75.9297
    329            0.8152        0.5986       0.5386            0.5386        1.1858  0.0000  82.1809
    330            0.8102        0.6175       0.5370            0.5370        1.1874  0.0000  90.0456
    331            0.8110        0.5873       0.5374            0.5374        1.1888  0.0000  90.8120
    332            0.8113        0.5814       0.5355            0.5355        1.1878  0.0000  71.9903
    333            0.8110        0.6073       0.5367            0.5367        1.1880  0.0000  71.2971
    334            0.8086        0.5935       0.5359            0.5359        1.1881  0.0000  74.4260
    335            0.8098        0.5939       0.5363            0.5363        1.1899  0.0000  79.7541
    336            0.8079        0.5772       0.5351            0.5351        1.1913  0.0000  91.4320
    337            0.8071        0.5983       0.5367            0.5367        1.1904  0.0000  105.8438
    338            0.8063        0.5759       0.5367            0.5367        1.1920  0.0000  90.8581
    339            0.8083        0.5877       0.5367            0.5367        1.1908  0.0000  70.8476
    340            0.8086        0.5874       0.5363            0.5363        1.1898  0.0000  73.3554
    341            0.8110        0.5741       0.5367            0.5367        1.1887  0.0000  75.3460
    342            0.8106        0.6112       0.5374            0.5374        1.1899  0.0000  72.3395
    343            0.8086        0.5933       0.5363            0.5363        1.1907  0.0000  74.0407
    344            0.8075        0.5741       0.5359            0.5359        1.1930  0.0000  76.6376
    345            0.8098        0.5937       0.5355            0.5355        1.1928  0.0000  77.7388
    346            0.8086        0.5898       0.5355            0.5355        1.1926  0.0000  74.5186
    347            0.8098        0.5913       0.5351            0.5351        1.1919  0.0000  71.7749
    348            0.8098        0.6189       0.5351            0.5351        1.1921  0.0000  91.8883
    349            0.8063        0.5975       0.5343            0.5343        1.1933  0.0000  74.2246
    350            0.8086        0.5958       0.5343            0.5343        1.1917  0.0000  73.7636
    351            0.8094        0.5818       0.5370            0.5370        1.1914  0.0000  85.3555
    352            0.8102        0.6127       0.5363            0.5363        1.1910  0.0000  79.8640
    353            0.8086        0.5772       0.5363            0.5363        1.1911  0.0000  79.1830
    354            0.8086        0.5966       0.5363            0.5363        1.1905  0.0000  86.5962
    355            0.8094        0.5865       0.5367            0.5367        1.1901  0.0000  79.3248
    356            0.8102        0.5926       0.5359            0.5359        1.1905  0.0000  76.6179
    357            0.8098        0.5909       0.5370            0.5370        1.1915  0.0000  82.2104
    358            0.8090        0.5859       0.5363            0.5363        1.1917  0.0000  80.9920
    359            0.8094        0.5804       0.5363            0.5363        1.1913  0.0000  78.8830
    360            0.8102        0.5675       0.5359            0.5359        1.1906  0.0000  75.4959
    361            0.8094        0.5899       0.5343            0.5343        1.1903  0.0000  84.1535
    362            0.8090        0.6071       0.5355            0.5355        1.1904  0.0000  86.9013
    363            0.8086        0.5945       0.5355            0.5355        1.1904  0.0000  77.9590
    364            0.8098        0.5947       0.5367            0.5367        1.1899  0.0000  71.8809
    365            0.8113        0.5956       0.5359            0.5359        1.1896  0.0000  74.5336
    366            0.8133        0.5942       0.5367            0.5367        1.1890  0.0000  69.2722
    367            0.8125        0.5903       0.5363            0.5363        1.1898  0.0000  71.6324
    368            0.8125        0.5909       0.5370            0.5370        1.1895  0.0000  71.2968
    369            0.8121        0.5884       0.5370            0.5370        1.1898  0.0000  76.1231
    370            0.8113        0.6111       0.5359            0.5359        1.1899  0.0000  70.8131
    371            0.8117        0.5947       0.5374            0.5374        1.1899  0.0000  73.6827
    372            0.8125        0.5923       0.5370            0.5370        1.1895  0.0000  72.0850
    373            0.8129        0.5929       0.5363            0.5363        1.1894  0.0000  69.0590
    374            0.8121        0.5883       0.5355            0.5355        1.1893  0.0000  82.6811
    375            0.8129        0.5975       0.5363            0.5363        1.1897  0.0000  73.4175
    376            0.8121        0.5782       0.5359            0.5359        1.1897  0.0000  71.0392
    377            0.8121        0.5909       0.5355            0.5355        1.1901  0.0000  76.6243
    378            0.8113        0.5873       0.5363            0.5363        1.1905  0.0000  76.1333
    379            0.8113        0.5914       0.5363            0.5363        1.1902  0.0000  72.2846
    380            0.8110        0.6098       0.5359            0.5359        1.1903  0.0000  72.8364
    381            0.8110        0.5902       0.5359            0.5359        1.1902  0.0000  72.2242
    382            0.8110        0.5845       0.5359            0.5359        1.1899  0.0000  73.2608
    383            0.8110        0.5982       0.5359            0.5359        1.1901  0.0000  72.5799
    384            0.8117        0.6047       0.5367            0.5367        1.1900  0.0000  70.9020
    385            0.8117        0.5763       0.5374            0.5374        1.1904  0.0000  72.9579
    386            0.8117        0.5917       0.5370            0.5370        1.1901  0.0000  68.9676
    387            0.8117        0.5942       0.5367            0.5367        1.1900  0.0000  71.7683
    388            0.8113        0.5932       0.5363            0.5363        1.1900  0.0000  75.7032
    389            0.8117        0.5830       0.5367            0.5367        1.1903  0.0000  69.0883
    390            0.8117        0.6130       0.5363            0.5363        1.1901  0.0000  74.8512
    391            0.8117        0.5926       0.5363            0.5363        1.1901  0.0000  67.2957
    392            0.8117        0.5726       0.5363            0.5363        1.1901  0.0000  79.6293
    393            0.8113        0.5746       0.5367            0.5367        1.1903  0.0000  71.3658
    394            0.8113        0.5889       0.5370            0.5370        1.1904  0.0000  72.5670
    395            0.8110        0.5832       0.5370            0.5370        1.1905  0.0000  70.5300
    396            0.8113        0.5699       0.5370            0.5370        1.1904  0.0000  74.1597
    397            0.8117        0.5883       0.5367            0.5367        1.1902  0.0000  72.0307
    398            0.8113        0.5787       0.5370            0.5370        1.1904  0.0000  77.5435
    399            0.8113        0.5892       0.5370            0.5370        1.1904  0.0000  84.1300
    400            0.8113        0.5982       0.5370            0.5370        1.1902  0.0000  76.3885
Elapsed time: 42215.34282851219 seconds
