  epoch    train_accuracy    train_loss    valid_acc    valid_accuracy    valid_loss      lr       dur
-------  ----------------  ------------  -----------  ----------------  ------------  ------  --------
      1            0.2913        4.6073       0.2743            0.2743        5.3836  0.0500  349.0369
      2            0.3403        1.4942       0.3322            0.3322        1.5353  0.0500  328.4813
      3            0.3877        1.3134       0.3785            0.3785        1.4336  0.0500  326.4606
      4            0.4549        1.2844       0.4228            0.4228        1.2664  0.0500  332.3646
      5            0.4367        1.2698       0.4113            0.4113        1.2744  0.0500  316.2722
      6            0.4715        1.2542       0.4298            0.4298        1.2501  0.0500  315.4293
      7            0.4649        1.2232       0.4205            0.4205        1.2547  0.0500  317.2533
      8            0.4495        1.2245       0.4275            0.4275        1.3230  0.0500  319.8772
      9            0.5204        1.1970       0.4676            0.4676        1.2183  0.0500  315.6817
     10            0.5093        1.1721       0.4618            0.4618        1.2256  0.0500  326.7126
     11            0.5594        1.1664       0.4961            0.4961        1.1803  0.0500  320.8841
     12            0.5463        1.1348       0.4823            0.4823        1.1887  0.0500  315.5772
     13            0.5517        1.1567       0.4896            0.4896        1.1969  0.0500  316.2701
     14            0.5382        1.1463       0.4857            0.4857        1.1863  0.0500  326.4733
     15            0.5548        1.1537       0.5042            0.5042        1.1559  0.0500  331.8381
     16            0.5687        1.1107       0.5069            0.5069        1.1446  0.0500  299.1557
     17            0.5617        1.1056       0.4977            0.4977        1.1601  0.0500  321.1901
     18            0.5644        1.1133       0.4981            0.4981        1.1700  0.0500  317.4483
     19            0.5802        1.0923       0.5085            0.5085        1.1465  0.0500  314.1817
     20            0.6026        1.1055       0.5320            0.5320        1.1272  0.0500  327.2345
     21            0.5768        1.0984       0.4992            0.4992        1.1489  0.0500  312.1736
     22            0.6080        1.0835       0.5324            0.5324        1.1214  0.0499  327.7436
     23            0.5772        1.0802       0.5139            0.5139        1.1431  0.0499  321.4083
     24            0.5621        1.0944       0.4869            0.4869        1.1719  0.0499  311.2204
     25            0.5772        1.0996       0.5116            0.5116        1.1398  0.0499  335.6328
     26            0.5845        1.1002       0.5019            0.5019        1.1421  0.0499  324.2004
     27            0.6076        1.0630       0.5359            0.5359        1.0865  0.0499  320.7525
     28            0.6300        1.0523       0.5386            0.5386        1.0908  0.0499  296.5197
     29            0.6235        1.0758       0.5293            0.5293        1.0997  0.0499  312.6801
     30            0.5864        1.0517       0.5054            0.5054        1.1285  0.0499  317.6115
     31            0.6065        1.0847       0.5077            0.5077        1.1243  0.0499  291.7123
     32            0.6520        1.0399       0.5598            0.5598        1.0577  0.0499  298.1573
     33            0.6389        1.0701       0.5559            0.5559        1.0932  0.0499  323.4413
     34            0.6605        1.1126       0.5633            0.5633        1.0813  0.0499  316.1310
     35            0.6547        1.0281       0.5448            0.5448        1.0674  0.0499  290.1199
     36            0.6431        1.0125       0.5579            0.5579        1.0682  0.0498  299.2029
     37            0.6485        1.0241       0.5617            0.5617        1.0420  0.0498  299.6945
     38            0.6393        1.0046       0.5409            0.5409        1.0809  0.0498  293.2957
     39            0.6204        1.0044       0.5324            0.5324        1.1622  0.0498  286.2713
     40            0.6331        1.0177       0.5590            0.5590        1.0427  0.0498  296.4947
     41            0.6906        1.0520       0.5760            0.5760        1.0223  0.0498  303.6768
     42            0.6813        1.0078       0.5768            0.5768        1.0311  0.0498  297.8378
     43            0.6590        1.0574       0.5567            0.5567        1.1103  0.0498  285.1277
     44            0.6844        0.9974       0.5752            0.5752        1.0542  0.0498  300.4985
     45            0.6678        0.9886       0.5860            0.5860        1.0239  0.0498  297.4757
     46            0.6308        1.0179       0.5405            0.5405        1.1462  0.0498  299.6823
     47            0.6165        1.0815       0.5239            0.5239        1.1512  0.0497  292.9323
     48            0.7079        1.0367       0.6123            0.6123        0.9686  0.0497  277.9899
     49            0.7029        0.9869       0.5995            0.5995        0.9903  0.0497  280.4264
     50            0.6802        0.9454       0.5633            0.5633        1.0444  0.0497  290.1063
     51            0.7292        0.9536       0.6080            0.6080        0.9615  0.0497  303.9518
     52            0.7153        0.9559       0.6127            0.6127        0.9602  0.0497  298.3468
     53            0.7427        0.9107       0.6451            0.6451        0.9018  0.0497  303.9702
     54            0.7508        0.9193       0.6327            0.6327        0.9165  0.0497  307.1861
     55            0.6964        0.9957       0.5880            0.5880        0.9946  0.0496  298.2826
     56            0.7315        1.0339       0.6181            0.6181        1.0526  0.0496  297.6613
     57            0.7519        0.9303       0.6474            0.6474        0.8995  0.0496  313.5501
     58            0.7562        0.9136       0.6416            0.6416        0.8952  0.0496  296.7911
     59            0.7461        0.9232       0.6134            0.6134        0.9491  0.0496  291.0156
     60            0.6937        0.9244       0.5872            0.5872        1.0033  0.0496  297.5700
     61            0.7296        0.9587       0.6161            0.6161        0.9348  0.0496  316.1701
     62            0.7461        0.9360       0.6242            0.6242        0.9160  0.0495  308.2157
     63            0.7643        0.9290       0.6304            0.6304        0.9076  0.0495  291.1617
     64            0.6991        0.9605       0.5872            0.5872        0.9775  0.0495  292.4510
     65            0.7404        0.9433       0.6146            0.6146        0.9387  0.0495  294.7950
     66            0.7562        0.9207       0.6269            0.6269        0.9254  0.0495  289.3803
     67            0.7253        0.9282       0.6111            0.6111        0.9640  0.0495  295.7210
     68            0.7188        0.8955       0.6084            0.6084        0.9744  0.0494  296.0635
     69            0.7469        0.8856       0.6304            0.6304        0.9107  0.0494  297.7763
     70            0.7157        0.9353       0.6119            0.6119        0.9505  0.0494  303.4114
     71            0.7515        0.8663       0.6157            0.6157        0.9083  0.0494  303.3765
     72            0.7461        0.8927       0.6389            0.6389        0.9001  0.0494  288.8872
     73            0.7670        0.9304       0.6501            0.6501        0.8864  0.0494  287.3737
     74            0.7014        0.9797       0.6003            0.6003        1.0208  0.0493  278.4921
     75            0.7662        0.9205       0.6462            0.6462        0.8737  0.0493  280.4087
     76            0.7280        0.8711       0.6223            0.6223        0.9279  0.0493  295.6317
     77            0.7396        0.9199       0.6416            0.6416        0.9093  0.0493  293.9525
     78            0.7643        0.8677       0.6304            0.6304        0.9360  0.0493  292.5672
     79            0.7913        0.8575       0.6682            0.6682        0.8749  0.0493  301.8617
     80            0.6470        0.8972       0.5586            0.5586        1.0356  0.0492  304.5648
     81            0.7677        0.9287       0.6485            0.6485        0.8815  0.0492  295.5170
     82            0.7643        0.8925       0.6424            0.6424        0.8996  0.0492  291.6074
     83            0.7643        0.9778       0.6470            0.6470        0.8807  0.0492  301.3278
     84            0.7735        0.9035       0.6601            0.6601        0.8694  0.0492  293.9041
     85            0.7596        0.8630       0.6516            0.6516        0.8962  0.0491  309.1523
     86            0.7708        0.9012       0.6539            0.6539        0.8735  0.0491  293.1221
     87            0.7851        0.8783       0.6601            0.6601        0.8709  0.0491  307.5126
     88            0.7836        0.8487       0.6651            0.6651        0.8525  0.0491  285.8323
     89            0.7770        0.8544       0.6547            0.6547        0.8739  0.0490  287.6542
     90            0.7978        0.8573       0.6694            0.6694        0.8420  0.0490  295.1291
     91            0.7581        0.8282       0.6200            0.6200        0.9468  0.0490  302.7629
     92            0.7631        0.8397       0.6312            0.6312        0.8921  0.0490  288.1809
     93            0.7913        0.8758       0.6532            0.6532        0.8641  0.0490  285.4718
     94            0.7519        0.8436       0.6277            0.6277        0.9042  0.0489  281.7915
     95            0.7897        0.9236       0.6562            0.6562        0.8953  0.0489  299.7950
     96            0.7280        0.9360       0.6177            0.6177        0.9176  0.0489  291.8867
     97            0.7735        0.8415       0.6335            0.6335        0.8808  0.0489  301.5208
     98            0.7704        0.8777       0.6559            0.6559        0.8694  0.0488  287.8268
     99            0.7874        0.8591       0.6578            0.6578        0.8623  0.0488  292.8836
    100            0.7573        0.8899       0.6404            0.6404        0.9042  0.0488  284.5790
    101            0.7832        0.9986       0.6597            0.6597        0.8607  0.0488  287.7570
    102            0.7809        0.9042       0.6640            0.6640        0.8537  0.0487  297.4124
    103            0.7743        0.8992       0.6532            0.6532        0.8739  0.0487  300.8482
    104            0.8110        0.8940       0.6682            0.6682        0.8379  0.0487  285.3473
    105            0.7890        0.8400       0.6690            0.6690        0.8450  0.0487  297.9641
    106            0.7704        0.8651       0.6346            0.6346        0.9163  0.0486  310.1392
    107            0.7905        0.8371       0.6674            0.6674        0.8587  0.0486  307.5011
    108            0.7172        0.9194       0.6111            0.6111        0.9535  0.0486  303.4399
    109            0.7762        0.8628       0.6508            0.6508        0.8706  0.0486  290.0504
    110            0.7959        0.8518       0.6647            0.6647        0.8431  0.0485  300.6013
    111            0.7670        0.8681       0.6481            0.6481        0.8778  0.0485  311.5281
    112            0.7990        0.8543       0.6605            0.6605        0.8515  0.0485  303.8138
    113            0.7708        0.8464       0.6478            0.6478        0.8800  0.0485  292.1923
    114            0.6902        0.8505       0.5957            0.5957        1.0092  0.0484  276.8093
    115            0.7832        0.9377       0.6578            0.6578        0.8596  0.0484  295.8598
    116            0.8071        0.8244       0.6771            0.6771        0.8457  0.0484  301.6290
    117            0.7716        0.8764       0.6458            0.6458        0.8733  0.0484  298.5032
    118            0.7658        0.9073       0.6447            0.6447        0.8967  0.0483  297.1462
    119            0.8090        0.8585       0.6736            0.6736        0.8271  0.0483  293.7059
    120            0.7867        0.8500       0.6671            0.6671        0.8463  0.0483  305.5162
    121            0.7731        0.8385       0.6508            0.6508        0.8737  0.0482  290.7718
    122            0.7909        0.8635       0.6590            0.6590        0.8363  0.0482  280.1352
    123            0.7573        0.8885       0.6443            0.6443        0.8986  0.0482  289.8825
    124            0.8106        0.8446       0.6817            0.6817        0.8284  0.0482  282.8787
    125            0.7924        0.8521       0.6366            0.6366        0.8798  0.0481  284.5395
    126            0.8125        0.8525       0.6771            0.6771        0.8278  0.0481  291.3382
    127            0.7677        0.8438       0.6470            0.6470        0.8700  0.0481  291.6610
    128            0.7998        0.8717       0.6728            0.6728        0.8339  0.0480  293.2725
    129            0.7743        0.8776       0.6439            0.6439        0.8703  0.0480  291.1248
    130            0.7461        0.9175       0.6304            0.6304        0.8889  0.0480  294.4942
    131            0.7894        0.8009       0.6667            0.6667        0.8475  0.0479  286.2741
    132            0.7647        0.8434       0.6520            0.6520        0.8616  0.0479  302.8931
    133            0.7689        0.8384       0.6250            0.6250        0.9058  0.0479  297.7548
    134            0.8002        0.8701       0.6736            0.6736        0.8268  0.0478  302.4816
    135            0.7542        0.8021       0.6362            0.6362        0.9300  0.0478  301.7426
    136            0.8171        0.8640       0.6713            0.6713        0.8283  0.0478  294.5979
    137            0.7566        0.8477       0.6312            0.6312        0.9005  0.0477  303.8594
    138            0.8048        0.8633       0.6813            0.6813        0.8287  0.0477  298.3100
    139            0.7878        0.8588       0.6400            0.6400        0.8753  0.0477  299.2145
    140            0.7242        0.8499       0.6061            0.6061        0.9243  0.0476  286.9506
    141            0.7704        0.8520       0.6416            0.6416        0.9045  0.0476  288.3711
    142            0.7986        0.9389       0.6848            0.6848        0.8201  0.0476  293.4048
    143            0.7369        0.8329       0.6157            0.6157        0.9642  0.0475  292.1186
    144            0.8090        0.8253       0.6786            0.6786        0.8301  0.0475  273.1967
    145            0.8129        0.8645       0.6732            0.6732        0.8322  0.0475  292.4411
    146            0.6960        0.8788       0.5783            0.5783        0.9943  0.0474  297.8462
    147            0.8013        0.9158       0.6601            0.6601        0.8406  0.0474  293.5541
    148            0.7932        0.7774       0.6636            0.6636        0.8585  0.0474  283.4697
    149            0.7859        0.7883       0.6590            0.6590        0.8654  0.0473  294.8215
    150            0.8156        0.8147       0.6655            0.6655        0.8406  0.0473  294.9250
    151            0.8094        0.8213       0.6809            0.6809        0.8195  0.0473  294.8305
    152            0.6829        0.8139       0.5872            0.5872        1.0434  0.0472  291.9821
    153            0.7188        0.8516       0.5992            0.5992        1.0458  0.0472  292.8268
    154            0.7708        0.8679       0.6481            0.6481        0.8755  0.0472  294.0737
    155            0.7554        0.8871       0.6208            0.6208        0.9162  0.0471  298.5658
    156            0.7330        0.8296       0.6181            0.6181        0.9361  0.0471  292.3584
    157            0.7677        0.8667       0.6597            0.6597        0.8818  0.0471  283.5567
    158            0.8063        0.9507       0.6574            0.6574        0.8478  0.0470  287.4028
    159            0.8002        0.8705       0.6454            0.6454        0.8631  0.0470  297.7017
    160            0.8210        0.7996       0.6840            0.6840        0.8111  0.0469  309.6275
    161            0.7585        0.7969       0.6393            0.6393        0.8826  0.0469  295.8500
    162            0.7203        0.7928       0.6123            0.6123        0.9223  0.0469  304.6552
    163            0.7878        0.8483       0.6659            0.6659        0.8445  0.0468  306.8310
    164            0.8160        0.8465       0.6825            0.6825        0.8060  0.0468  282.7219
    165            0.8218        0.8063       0.6752            0.6752        0.8208  0.0467  303.8955
    166            0.8009        0.8374       0.6667            0.6667        0.8365  0.0467  296.4430
    167            0.7782        0.7775       0.6431            0.6431        0.8684  0.0467  295.9586
    168            0.8025        0.8653       0.6671            0.6671        0.8396  0.0466  294.6043
    169            0.7608        0.8256       0.6350            0.6350        0.9305  0.0466  301.7858
    170            0.7928        0.7873       0.6512            0.6512        0.8817  0.0466  300.5674
    171            0.8252        0.8080       0.6910            0.6910        0.8043  0.0465  289.8136
    172            0.7446        0.8365       0.6204            0.6204        1.0421  0.0465  305.4423
    173            0.7840        0.9215       0.6624            0.6624        0.8556  0.0464  295.6665
    174            0.7731        0.8237       0.6435            0.6435        0.8747  0.0464  294.3887
    175            0.8183        0.8878       0.6674            0.6674        0.8287  0.0463  286.2143
    176            0.7855        0.8385       0.6705            0.6705        0.8648  0.0463  303.8152
    177            0.7828        0.9480       0.6258            0.6258        0.9285  0.0463  294.1403
    178            0.7816        0.8750       0.6435            0.6435        0.8714  0.0462  298.4400
    179            0.8063        0.9037       0.6663            0.6663        0.8331  0.0462  303.1347
    180            0.7851        0.8201       0.6605            0.6605        0.8531  0.0461  280.4030
    181            0.8152        0.8308       0.6767            0.6767        0.8159  0.0461  296.1214
    182            0.7982        0.8316       0.6574            0.6574        0.8458  0.0461  299.8354
    183            0.8183        0.7811       0.6825            0.6825        0.8185  0.0460  292.7321
    184            0.8264        0.7730       0.6755            0.6755        0.8201  0.0460  290.2951
    185            0.8202        0.8068       0.6833            0.6833        0.8181  0.0459  284.7257
    186            0.8272        0.7791       0.6767            0.6767        0.8048  0.0459  309.9647
    187            0.7851        0.7908       0.6593            0.6593        0.8790  0.0458  296.5236
    188            0.7743        0.7990       0.6562            0.6562        0.8959  0.0458  301.8987
    189            0.8044        0.8411       0.6647            0.6647        0.8294  0.0458  301.4340
    190            0.8021        0.8057       0.6597            0.6597        0.8335  0.0457  310.8474
    191            0.7778        0.7980       0.6447            0.6447        0.8620  0.0457  311.4584
    192            0.8287        0.8022       0.6833            0.6833        0.8023  0.0456  297.3030
    193            0.7917        0.8049       0.6782            0.6782        0.8186  0.0456  240.3774
    194            0.8048        0.8613       0.6698            0.6698        0.8383  0.0455  228.6555
    195            0.8152        0.7880       0.6887            0.6887        0.7977  0.0455  242.7718
    196            0.7874        0.7675       0.6659            0.6659        0.8422  0.0454  252.4876
    197            0.7569        0.8199       0.6208            0.6208        0.9178  0.0454  236.9524
    198            0.8221        0.8130       0.6767            0.6767        0.8149  0.0454  227.7853
    199            0.8110        0.7699       0.6767            0.6767        0.8252  0.0453  253.0419
    200            0.7975        0.7764       0.6617            0.6617        0.8341  0.0453  236.3421
    201            0.7782        0.8478       0.6439            0.6439        0.8731  0.0452  233.5449
    202            0.7921        0.8650       0.6539            0.6539        0.8524  0.0452  235.8342
    203            0.7809        0.8462       0.6528            0.6528        0.8834  0.0451  239.5397
    204            0.8160        0.7844       0.6779            0.6779        0.8143  0.0451  250.2578
    205            0.7712        0.7708       0.6400            0.6400        0.8894  0.0450  239.1014
    206            0.7789        0.8654       0.6570            0.6570        0.8605  0.0450  240.3976
    207            0.8167        0.8081       0.6917            0.6917        0.8012  0.0449  243.0901
    208            0.8017        0.8021       0.6705            0.6705        0.8309  0.0449  227.8132
    209            0.8191        0.8825       0.6825            0.6825        0.8141  0.0448  238.2685
    210            0.8272        0.7768       0.6798            0.6798        0.8217  0.0448  244.0749
    211            0.7465        0.8584       0.6285            0.6285        0.9266  0.0447  231.2078
    212            0.7569        1.0285       0.6346            0.6346        0.9239  0.0447  254.6640
    213            0.7975        0.8714       0.6698            0.6698        0.8411  0.0446  249.2745
    214            0.7315        0.7995       0.6157            0.6157        0.9725  0.0446  243.9012
    215            0.8059        0.7769       0.6535            0.6535        0.8425  0.0445  238.7342
    216            0.8179        0.7736       0.6786            0.6786        0.8254  0.0445  252.0954
    217            0.8318        0.7538       0.6856            0.6856        0.8039  0.0445  243.3228
    218            0.7789        0.8125       0.6512            0.6512        0.8839  0.0444  262.8717
    219            0.7944        0.7963       0.6547            0.6547        0.8678  0.0444  237.7915
    220            0.8194        0.8684       0.6755            0.6755        0.8162  0.0443  233.0852
    221            0.8079        0.8231       0.6601            0.6601        0.8373  0.0443  256.7595
    222            0.8067        0.8180       0.6671            0.6671        0.8354  0.0442  282.6386
    223            0.8156        0.8378       0.6809            0.6809        0.8176  0.0442  269.6821
    224            0.7739        0.8393       0.6385            0.6385        0.9181  0.0441  234.9100
    225            0.7990        0.8365       0.6663            0.6663        0.8249  0.0440  249.4027
    226            0.8083        0.7795       0.6755            0.6755        0.8408  0.0440  256.9299
    227            0.7994        0.7832       0.6535            0.6535        0.8480  0.0439  252.7723
    228            0.8260        0.7583       0.6779            0.6779        0.8061  0.0439  246.9568
    229            0.8256        0.8171       0.6829            0.6829        0.8059  0.0438  230.1768
    230            0.8221        0.8080       0.6694            0.6694        0.8127  0.0438  243.6298
    231            0.7828        0.8451       0.6470            0.6470        0.8826  0.0437  242.4911
    232            0.8129        0.8401       0.6798            0.6798        0.8330  0.0437  234.8386
    233            0.7438        0.8240       0.6339            0.6339        0.9161  0.0436  237.4486
    234            0.8133        0.8205       0.6690            0.6690        0.8238  0.0436  229.4985
    235            0.7975        0.7917       0.6644            0.6644        0.8432  0.0435  252.7477
    236            0.8140        0.7909       0.6671            0.6671        0.8381  0.0435  224.0158
    237            0.8191        0.7755       0.6663            0.6663        0.8340  0.0434  246.8212
    238            0.7894        0.7608       0.6466            0.6466        0.8664  0.0434  220.8173
    239            0.8383        0.7615       0.6736            0.6736        0.8214  0.0433  242.4972
    240            0.6663        0.8275       0.5517            0.5517        1.1747  0.0433  244.6673
    241            0.7728        0.8312       0.6397            0.6397        0.8939  0.0432  261.9219
    242            0.7998        0.7981       0.6617            0.6617        0.8571  0.0432  245.6531
    243            0.8241        0.7696       0.6755            0.6755        0.8291  0.0431  258.3911
    244            0.8256        0.7381       0.6728            0.6728        0.8188  0.0430  248.2120
    245            0.8160        0.8367       0.6624            0.6624        0.8553  0.0430  234.1649
    246            0.7824        0.7562       0.6439            0.6439        0.8701  0.0429  257.3522
    247            0.7909        0.7729       0.6671            0.6671        0.8492  0.0429  229.3438
    248            0.7296        0.7621       0.6119            0.6119        0.9688  0.0428  221.2082
    249            0.7847        0.7694       0.6605            0.6605        0.9008  0.0428  226.5793
    250            0.8191        0.7958       0.6748            0.6748        0.8153  0.0427  226.4611
    251            0.8237        0.8081       0.6744            0.6744        0.8253  0.0427  217.5025
    252            0.7762        0.7853       0.6385            0.6385        0.9695  0.0426  229.5911
    253            0.7978        0.7918       0.6543            0.6543        0.8493  0.0426  249.4628
    254            0.7172        0.8203       0.6084            0.6084        1.0030  0.0425  229.0933
    255            0.8252        0.8107       0.6944            0.6944        0.8006  0.0424  239.8473
    256            0.7870        0.7795       0.6431            0.6431        0.8773  0.0424  239.0293
    257            0.6462        0.7969       0.5475            0.5475        1.0898  0.0423  236.7117
    258            0.7816        0.8099       0.6489            0.6489        0.8634  0.0423  225.2278
    259            0.8194        0.7625       0.6671            0.6671        0.8295  0.0422  234.0526
    260            0.6096        0.7644       0.5170            0.5170        1.3554  0.0422  237.4553
    261            0.7149        0.7959       0.6019            0.6019        1.0124  0.0421  242.7722
    262            0.7913        0.7980       0.6559            0.6559        0.8487  0.0420  234.6665
    263            0.7998        0.7654       0.6597            0.6597        0.8418  0.0420  222.8967
    264            0.8102        0.7617       0.6605            0.6605        0.8346  0.0419  227.2061
    265            0.7982        0.8143       0.6543            0.6543        0.8408  0.0419  211.6703
    266            0.8295        0.7687       0.6860            0.6860        0.8138  0.0418  242.0638
    267            0.8094        0.7476       0.6771            0.6771        0.8289  0.0418  244.8577
    268            0.7843        0.7678       0.6493            0.6493        0.8632  0.0417  231.4627
    269            0.8164        0.7812       0.6767            0.6767        0.8184  0.0416  234.5715
    270            0.8322        0.7798       0.6798            0.6798        0.8021  0.0416  244.7293
    271            0.7392        0.7366       0.6127            0.6127        0.9538  0.0415  265.7232
    272            0.7994        0.8230       0.6640            0.6640        0.8570  0.0415  268.3731
    273            0.8194        0.8631       0.6562            0.6562        0.8391  0.0414  274.3486
    274            0.8283        0.7616       0.6786            0.6786        0.8007  0.0413  254.5208
    275            0.8302        0.7596       0.6844            0.6844        0.8054  0.0413  271.5503
    276            0.8314        0.8321       0.6933            0.6933        0.8047  0.0412  265.0740
    277            0.8256        0.7738       0.6806            0.6806        0.8149  0.0412  258.0879
    278            0.8314        0.7730       0.6844            0.6844        0.8007  0.0411  277.5885
    279            0.7431        0.7845       0.6296            0.6296        0.9591  0.0410  236.9814
    280            0.8318        0.7784       0.6929            0.6929        0.7979  0.0410  237.4692
    281            0.7276        0.8398       0.5992            0.5992        1.0075  0.0409  241.0167
    282            0.8210        0.8171       0.6752            0.6752        0.8174  0.0409  226.4167
    283            0.7882        0.7441       0.6481            0.6481        0.8757  0.0408  224.6134
    284            0.7859        0.7688       0.6532            0.6532        0.8755  0.0407  243.1940
    285            0.8121        0.7690       0.6582            0.6582        0.8337  0.0407  229.2200
    286            0.7936        0.7265       0.6562            0.6562        0.8502  0.0406  250.8620
    287            0.8198        0.7251       0.6775            0.6775        0.8372  0.0406  257.9149
    288            0.7928        0.7673       0.6451            0.6451        0.8660  0.0405  240.0754
    289            0.8009        0.7583       0.6644            0.6644        0.8418  0.0404  228.7555
    290            0.8175        0.7381       0.6709            0.6709        0.8281  0.0404  245.7858
    291            0.8052        0.7619       0.6551            0.6551        0.8666  0.0403  232.7757
    292            0.8117        0.7831       0.6728            0.6728        0.8441  0.0402  233.0827
    293            0.8167        0.8257       0.6782            0.6782        0.8233  0.0402  254.1202
    294            0.6941        0.7957       0.5849            0.5849        1.0054  0.0401  252.7820
    295            0.7639        0.8349       0.6246            0.6246        0.9269  0.0401  252.1954
    296            0.8241        0.7623       0.6736            0.6736        0.8248  0.0400  243.3506
    297            0.7963        0.7497       0.6520            0.6520        0.8488  0.0399  246.5720
    298            0.8295        0.8232       0.6887            0.6887        0.7974  0.0399  242.9598
    299            0.8187        0.8107       0.6725            0.6725        0.8152  0.0398  242.3741
    300            0.8013        0.7453       0.6605            0.6605        0.8429  0.0397  226.7134
    301            0.6964        0.8549       0.5887            0.5887        1.0869  0.0397  237.7577
    302            0.8218        0.8965       0.6848            0.6848        0.8144  0.0396  219.0159
    303            0.7809        0.7976       0.6435            0.6435        0.8889  0.0395  238.8859
    304            0.8137        0.7974       0.6605            0.6605        0.8393  0.0395  234.9917
    305            0.7959        0.7691       0.6593            0.6593        0.8653  0.0394  237.0257
    306            0.8314        0.7655       0.6933            0.6933        0.7949  0.0394  234.0942
    307            0.7855        0.7544       0.6373            0.6373        0.8644  0.0393  234.1473
    308            0.8302        0.7354       0.6867            0.6867        0.8185  0.0392  235.3107
    309            0.8133        0.7833       0.6682            0.6682        0.8217  0.0392  242.2574
    310            0.8214        0.7178       0.6709            0.6709        0.8133  0.0391  221.6654
    311            0.8071        0.7469       0.6547            0.6547        0.8509  0.0390  229.7536
    312            0.8063        0.7877       0.6551            0.6551        0.8576  0.0390  232.3698
    313            0.8376        0.8195       0.6875            0.6875        0.8159  0.0389  234.4743
    314            0.7975        0.7366       0.6532            0.6532        0.8610  0.0388  227.8996
    315            0.8090        0.7306       0.6578            0.6578        0.8415  0.0388  238.7631
    316            0.8210        0.7501       0.6736            0.6736        0.8212  0.0387  242.8032
    317            0.8110        0.7456       0.6593            0.6593        0.8423  0.0386  234.0511
    318            0.8067        0.7393       0.6609            0.6609        0.8478  0.0386  222.0588
    319            0.8272        0.7562       0.6786            0.6786        0.8112  0.0385  247.5466
    320            0.8245        0.7597       0.6725            0.6725        0.8112  0.0384  251.4246
    321            0.8279        0.7938       0.6852            0.6852        0.8117  0.0384  252.2336
    322            0.8106        0.7660       0.6690            0.6690        0.8293  0.0383  239.0797
    323            0.8148        0.7655       0.6794            0.6794        0.8251  0.0382  240.9676
    324            0.7666        0.7666       0.6350            0.6350        0.8895  0.0382  258.0539
    325            0.8268        0.7606       0.6779            0.6779        0.8059  0.0381  252.0591
    326            0.7913        0.7624       0.6590            0.6590        0.8419  0.0380  246.2475
    327            0.8048        0.7282       0.6613            0.6613        0.8633  0.0380  239.4965
    328            0.8191        0.7304       0.6624            0.6624        0.8556  0.0379  231.1657
    329            0.8140        0.7617       0.6690            0.6690        0.8489  0.0378  231.4131
    330            0.8376        0.7872       0.6941            0.6941        0.7907  0.0378  247.7585
    331            0.8414        0.7489       0.6887            0.6887        0.8039  0.0377  265.7102
    332            0.8360        0.7513       0.6798            0.6798        0.8047  0.0376  225.2907
    333            0.8187        0.7512       0.6775            0.6775        0.8110  0.0376  236.5771
    334            0.8275        0.7317       0.6779            0.6779        0.8215  0.0375  234.1996
    335            0.8283        0.7470       0.6786            0.6786        0.8164  0.0374  232.1490
    336            0.8202        0.7612       0.6782            0.6782        0.8388  0.0374  254.7275
    337            0.7816        0.7427       0.6238            0.6238        0.9279  0.0373  233.3950
    338            0.7758        0.7507       0.6393            0.6393        0.8796  0.0372  237.4301
    339            0.8368        0.7877       0.6755            0.6755        0.8202  0.0372  242.9686
    340            0.8322        0.8210       0.6894            0.6894        0.7920  0.0371  236.6432
    341            0.8480        0.7533       0.6914            0.6914        0.8036  0.0370  240.4641
    342            0.8225        0.7361       0.6605            0.6605        0.8729  0.0370  236.7020
    343            0.8202        0.7794       0.6574            0.6574        0.8303  0.0369  245.4954
    344            0.7712        0.7426       0.6277            0.6277        0.9074  0.0368  222.1758
    345            0.8233        0.8017       0.6682            0.6682        0.8233  0.0367  248.3227
    346            0.8414        0.7525       0.6840            0.6840        0.8057  0.0367  240.3631
    347            0.7998        0.7500       0.6505            0.6505        0.8688  0.0366  262.8236
    348            0.8086        0.7471       0.6559            0.6559        0.8473  0.0365  259.2931
    349            0.8314        0.7400       0.6806            0.6806        0.7985  0.0365  246.7043
    350            0.8445        0.7093       0.6929            0.6929        0.7904  0.0364  247.3879
    351            0.8353        0.7616       0.6833            0.6833        0.8097  0.0363  262.1423
    352            0.8113        0.7601       0.6516            0.6516        0.8496  0.0363  226.3483
    353            0.7708        0.7504       0.6296            0.6296        0.8943  0.0362  234.7983
    354            0.7245        0.7462       0.6111            0.6111        1.0368  0.0361  234.1747
    355            0.7782        0.7470       0.6547            0.6547        0.8745  0.0360  236.4676
    356            0.8175        0.8013       0.6690            0.6690        0.8323  0.0360  228.7374
    357            0.8349        0.7621       0.6752            0.6752        0.8132  0.0359  237.8703
    358            0.8241        0.7697       0.6678            0.6678        0.8262  0.0358  232.3742
    359            0.7924        0.7797       0.6412            0.6412        0.8885  0.0358  227.1529
    360            0.8291        0.7509       0.6698            0.6698        0.8136  0.0357  221.1454
    361            0.8314        0.7797       0.6790            0.6790        0.8086  0.0356  225.8740
    362            0.8137        0.8063       0.6744            0.6744        0.8205  0.0355  234.2375
    363            0.8449        0.7600       0.6925            0.6925        0.7862  0.0355  228.2210
    364            0.8372        0.7447       0.6736            0.6736        0.8228  0.0354  235.3415
    365            0.8468        0.7224       0.6975            0.6975        0.7858  0.0353  231.6691
    366            0.8063        0.7604       0.6647            0.6647        0.8446  0.0353  223.2173
    367            0.8083        0.7570       0.6528            0.6528        0.8542  0.0352  258.9318
    368            0.8314        0.7418       0.6798            0.6798        0.7984  0.0351  234.6109
    369            0.8407        0.7435       0.7010            0.7010        0.7853  0.0350  247.0246
    370            0.8291        0.7177       0.6844            0.6844        0.8035  0.0350  240.6899
    371            0.8036        0.7215       0.6439            0.6439        0.8654  0.0349  249.1407
    372            0.8322        0.7697       0.6917            0.6917        0.8112  0.0348  224.9481
    373            0.8117        0.7302       0.6744            0.6744        0.8332  0.0348  244.1734
    374            0.8526        0.7107       0.6917            0.6917        0.7917  0.0347  249.0470
    375            0.8306        0.7282       0.6825            0.6825        0.8211  0.0346  255.6156
    376            0.8036        0.7270       0.6721            0.6721        0.8399  0.0345  253.7705
    377            0.7971        0.7244       0.6416            0.6416        0.8689  0.0345  260.4309
    378            0.8048        0.7606       0.6532            0.6532        0.8575  0.0344  244.4960
    379            0.8337        0.7137       0.6856            0.6856        0.8018  0.0343  222.7602
    380            0.8360        0.7764       0.6833            0.6833        0.8154  0.0342  231.9036
    381            0.8318        0.7362       0.6813            0.6813        0.8074  0.0342  239.7656
    382            0.8295        0.7858       0.6798            0.6798        0.8110  0.0341  242.9384
    383            0.8515        0.7270       0.6867            0.6867        0.7983  0.0340  239.2959
    384            0.8515        0.7138       0.6941            0.6941        0.7879  0.0340  245.9295
    385            0.8005        0.7533       0.6586            0.6586        0.8605  0.0339  253.4312
    386            0.8441        0.7161       0.7056            0.7056        0.7866  0.0338  239.0522
    387            0.8306        0.7496       0.6728            0.6728        0.8236  0.0337  230.9231
    388            0.8480        0.7505       0.6960            0.6960        0.7993  0.0337  231.9376
    389            0.8380        0.7465       0.6802            0.6802        0.8185  0.0336  228.8400
    390            0.8380        0.7186       0.7037            0.7037        0.7909  0.0335  222.4961
    391            0.8349        0.7299       0.6725            0.6725        0.8267  0.0334  239.3910
    392            0.8283        0.6954       0.6813            0.6813        0.8242  0.0334  253.5532
    393            0.8210        0.7402       0.6744            0.6744        0.8219  0.0333  232.4023
    394            0.8364        0.7211       0.6902            0.6902        0.7986  0.0332  250.1357
    395            0.8414        0.6967       0.6971            0.6971        0.8073  0.0331  257.9486
    396            0.8059        0.7183       0.6555            0.6555        0.8722  0.0331  257.4289
    397            0.7361        0.7380       0.6030            0.6030        0.9478  0.0330  242.8092
    398            0.8461        0.7501       0.6925            0.6925        0.7988  0.0329  245.3869
    399            0.8248        0.7143       0.6717            0.6717        0.8174  0.0328  253.5098
    400            0.8495        0.7279       0.6952            0.6952        0.7888  0.0328  236.9401
    401            0.8229        0.6713       0.6628            0.6628        0.8398  0.0327  241.2804
    402            0.7523        0.7178       0.6119            0.6119        0.9834  0.0326  247.1793
    403            0.8221        0.7379       0.6701            0.6701        0.8198  0.0325  244.2996
    404            0.8137        0.7645       0.6597            0.6597        0.8457  0.0325  250.4849
    405            0.8318        0.7582       0.6755            0.6755        0.8182  0.0324  229.1747
    406            0.8484        0.7477       0.6894            0.6894        0.8093  0.0323  225.9782
    407            0.8368        0.6909       0.6647            0.6647        0.8376  0.0322  224.0852
    408            0.7137        0.7444       0.5891            0.5891        0.9999  0.0322  237.6281
    409            0.8252        0.7164       0.6871            0.6871        0.8194  0.0321  228.6802
    410            0.8407        0.7164       0.6863            0.6863        0.8013  0.0320  237.1323
    411            0.8187        0.7352       0.6740            0.6740        0.8416  0.0319  228.7801
    412            0.8079        0.7596       0.6532            0.6532        0.8685  0.0319  225.7175
    413            0.8059        0.7217       0.6539            0.6539        0.8611  0.0318  226.1504
    414            0.8229        0.7450       0.6740            0.6740        0.8290  0.0317  223.5005
    415            0.8029        0.7018       0.6590            0.6590        0.8400  0.0316  224.9933
    416            0.8549        0.7514       0.7037            0.7037        0.7934  0.0316  218.0223
    417            0.8372        0.7291       0.6779            0.6779        0.8222  0.0315  245.8864
    418            0.8515        0.7250       0.6971            0.6971        0.8041  0.0314  231.9537
    419            0.8310        0.7748       0.6651            0.6651        0.8414  0.0313  233.7556
    420            0.8287        0.7286       0.6713            0.6713        0.8133  0.0313  235.5526
    421            0.8272        0.7093       0.6663            0.6663        0.8376  0.0312  237.9045
    422            0.8526        0.6932       0.6732            0.6732        0.8067  0.0311  225.8745
    423            0.8465        0.6793       0.6821            0.6821        0.8071  0.0310  226.9378
    424            0.8484        0.6910       0.6860            0.6860        0.7968  0.0310  247.1268
    425            0.8422        0.7055       0.6867            0.6867        0.8082  0.0309  260.7145
    426            0.8403        0.6972       0.6844            0.6844        0.8007  0.0308  236.5434
    427            0.8395        0.7121       0.6759            0.6759        0.8082  0.0307  249.0288
    428            0.8468        0.7299       0.6960            0.6960        0.7937  0.0307  256.8249
    429            0.8353        0.7156       0.6894            0.6894        0.8038  0.0306  231.5770
    430            0.7662        0.7861       0.6308            0.6308        0.9081  0.0305  256.7954
    431            0.8580        0.7038       0.7045            0.7045        0.7786  0.0304  251.5124
    432            0.8600        0.7154       0.6898            0.6898        0.7936  0.0303  248.6093
    433            0.8299        0.7223       0.6821            0.6821        0.8097  0.0303  246.3218
    434            0.8519        0.7051       0.6944            0.6944        0.7884  0.0302  234.2369
    435            0.8503        0.7015       0.6802            0.6802        0.8042  0.0301  223.4712
    436            0.8380        0.7127       0.6763            0.6763        0.8272  0.0300  230.3901
    437            0.8237        0.7091       0.6663            0.6663        0.8382  0.0300  238.4621
    438            0.8056        0.6863       0.6474            0.6474        0.8888  0.0299  238.1598
    439            0.7454        0.7232       0.6184            0.6184        0.9667  0.0298  222.3016
    440            0.8445        0.6851       0.6794            0.6794        0.8179  0.0297  242.2987
    441            0.8345        0.7009       0.6763            0.6763        0.8256  0.0297  244.9624
    442            0.8472        0.7241       0.6887            0.6887        0.7988  0.0296  241.2947
    443            0.8272        0.7038       0.6659            0.6659        0.8343  0.0295  244.4452
    444            0.8399        0.7332       0.6867            0.6867        0.8177  0.0294  225.2147
    445            0.8484        0.7146       0.6836            0.6836        0.8092  0.0293  236.4539
    446            0.8106        0.7465       0.6593            0.6593        0.8480  0.0293  250.4619
    447            0.8326        0.7195       0.6755            0.6755        0.8163  0.0292  242.4566
    448            0.8530        0.7110       0.7014            0.7014        0.7959  0.0291  231.1030
    449            0.8503        0.6951       0.6948            0.6948        0.8015  0.0290  246.9511
    450            0.8218        0.6993       0.6667            0.6667        0.8327  0.0290  249.9909
    451            0.8495        0.6999       0.6833            0.6833        0.8157  0.0289  258.9177
    452            0.8499        0.6941       0.6852            0.6852        0.8103  0.0288  254.1573
    453            0.8106        0.7368       0.6512            0.6512        0.8930  0.0287  246.4432
    454            0.8492        0.7109       0.6817            0.6817        0.8069  0.0286  248.0832
    455            0.8611        0.7053       0.6867            0.6867        0.7949  0.0286  244.2831
    456            0.8507        0.6590       0.6848            0.6848        0.8143  0.0285  255.7111
    457            0.8519        0.6780       0.6794            0.6794        0.8157  0.0284  249.4100
    458            0.8299        0.6969       0.6736            0.6736        0.8220  0.0283  233.9833
    459            0.8160        0.7175       0.6501            0.6501        0.8748  0.0283  230.5571
    460            0.8333        0.7182       0.6875            0.6875        0.8098  0.0282  237.5187
    461            0.8395        0.7307       0.6848            0.6848        0.8078  0.0281  241.7875
    462            0.8191        0.7540       0.6590            0.6590        0.8490  0.0280  237.9912
    463            0.8171        0.7226       0.6790            0.6790        0.8239  0.0279  237.2345
    464            0.8248        0.7361       0.6728            0.6728        0.8308  0.0279  247.8051
    465            0.8542        0.6838       0.6921            0.6921        0.7931  0.0278  226.1047
    466            0.8040        0.7414       0.6404            0.6404        0.8821  0.0277  220.2804
    467            0.8538        0.7137       0.6840            0.6840        0.8055  0.0276  228.8039
    468            0.8553        0.6881       0.6964            0.6964        0.7882  0.0276  226.3763
    469            0.8561        0.7133       0.6887            0.6887        0.8000  0.0275  233.5041
    470            0.8530        0.7017       0.6863            0.6863        0.7967  0.0274  231.1878
    471            0.8414        0.6949       0.6809            0.6809        0.8120  0.0273  230.3210
    472            0.8619        0.6875       0.6948            0.6948        0.7881  0.0272  233.0852
    473            0.8445        0.7241       0.6809            0.6809        0.8017  0.0272  245.3272
    474            0.8522        0.6931       0.6879            0.6879        0.7940  0.0271  243.2877
    475            0.8225        0.7166       0.6613            0.6613        0.8346  0.0270  236.7747
    476            0.8603        0.7103       0.6917            0.6917        0.7852  0.0269  250.7787
    477            0.8468        0.7046       0.6944            0.6944        0.7968  0.0268  249.4581
    478            0.8519        0.6889       0.6817            0.6817        0.7965  0.0268  260.5010
    479            0.8488        0.7261       0.6890            0.6890        0.8020  0.0267  246.1809
    480            0.8356        0.7156       0.6852            0.6852        0.8213  0.0266  240.6334
    481            0.8426        0.7160       0.6782            0.6782        0.8124  0.0265  243.5565
    482            0.8438        0.7142       0.6775            0.6775        0.8238  0.0265  242.6716
    483            0.8407        0.7061       0.6644            0.6644        0.8266  0.0264  237.9548
    484            0.8179        0.6723       0.6570            0.6570        0.8536  0.0263  236.9281
    485            0.8692        0.6899       0.6971            0.6971        0.7969  0.0262  217.0257
    486            0.8345        0.7221       0.6790            0.6790        0.8375  0.0261  243.8469
    487            0.8488        0.6826       0.6775            0.6775        0.8127  0.0261  238.4770
    488            0.8526        0.6824       0.6755            0.6755        0.8138  0.0260  232.2147
    489            0.8580        0.6764       0.6898            0.6898        0.7984  0.0259  223.2625
    490            0.8441        0.7261       0.6806            0.6806        0.8171  0.0258  232.3047
    491            0.8306        0.6936       0.6798            0.6798        0.8238  0.0257  238.0421
    492            0.8623        0.6870       0.6944            0.6944        0.7939  0.0257  232.0651
    493            0.8299        0.6761       0.6628            0.6628        0.8324  0.0256  245.6071
    494            0.8553        0.7329       0.6960            0.6960        0.7888  0.0255  227.7063
    495            0.8468        0.6952       0.6813            0.6813        0.8057  0.0254  246.5427
    496            0.8611        0.6784       0.6929            0.6929        0.8002  0.0254  234.8496
    497            0.8414        0.6907       0.6713            0.6713        0.8269  0.0253  227.7610
    498            0.8588        0.6891       0.6894            0.6894        0.7993  0.0252  235.5636
    499            0.8596        0.6791       0.6883            0.6883        0.8029  0.0251  233.3751
    500            0.8426        0.6739       0.6717            0.6717        0.8239  0.0250  197.5706
    501            0.8646        0.6679       0.6929            0.6929        0.7970  0.0250  165.4252
    502            0.8241        0.6814       0.6725            0.6725        0.8481  0.0249  182.6622
    503            0.8565        0.7282       0.6840            0.6840        0.8030  0.0248  191.4359
    504            0.8538        0.6983       0.6875            0.6875        0.8073  0.0247  194.2676
    505            0.8461        0.7047       0.6825            0.6825        0.8128  0.0246  180.6708
    506            0.8144        0.6828       0.6617            0.6617        0.8681  0.0246  194.0962
    507            0.8650        0.6851       0.6879            0.6879        0.7932  0.0245  190.1308
    508            0.8611        0.7056       0.6929            0.6929        0.7913  0.0244  186.1978
    509            0.8576        0.6755       0.6975            0.6975        0.7913  0.0243  198.5292
    510            0.8318        0.6834       0.6516            0.6516        0.8639  0.0243  173.0250
    511            0.8526        0.6798       0.6644            0.6644        0.8265  0.0242  165.6157
    512            0.8333        0.6865       0.6559            0.6559        0.8665  0.0241  168.0387
    513            0.8083        0.7082       0.6644            0.6644        0.8725  0.0240  170.7913
    514            0.8499        0.7112       0.6848            0.6848        0.8028  0.0239  164.2204
    515            0.8410        0.6824       0.6686            0.6686        0.8423  0.0239  169.2885
    516            0.8299        0.7036       0.6752            0.6752        0.8363  0.0238  168.7047
    517            0.8360        0.6729       0.6640            0.6640        0.8418  0.0237  180.8346
    518            0.8283        0.6992       0.6582            0.6582        0.8532  0.0236  166.1767
    519            0.8252        0.6927       0.6528            0.6528        0.8678  0.0235  173.6117
    520            0.8410        0.6935       0.6586            0.6586        0.8453  0.0235  169.5842
    521            0.8457        0.7042       0.6844            0.6844        0.8185  0.0234  170.3858
    522            0.8499        0.6702       0.6817            0.6817        0.8046  0.0233  182.4705
    523            0.8573        0.6644       0.6740            0.6740        0.8129  0.0232  170.3727
    524            0.8623        0.6938       0.6782            0.6782        0.7981  0.0232  173.8492
    525            0.8650        0.6728       0.6971            0.6971        0.7968  0.0231  178.9272
    526            0.8542        0.6728       0.6759            0.6759        0.8171  0.0230  181.5244
    527            0.8580        0.6956       0.6929            0.6929        0.7916  0.0229  174.6975
    528            0.8661        0.6825       0.6817            0.6817        0.7977  0.0228  169.7053
    529            0.8565        0.6952       0.6840            0.6840        0.8110  0.0228  185.7623
    530            0.8380        0.6849       0.6617            0.6617        0.8383  0.0227  197.3000
    531            0.8573        0.6550       0.6910            0.6910        0.7965  0.0226  180.6396
    532            0.8565        0.7102       0.6802            0.6802        0.8093  0.0225  194.1859
    533            0.8383        0.6738       0.6609            0.6609        0.8440  0.0224  184.4148
    534            0.8407        0.6632       0.6748            0.6748        0.8193  0.0224  200.5837
    535            0.8557        0.7053       0.6775            0.6775        0.8057  0.0223  185.6586
    536            0.8573        0.6640       0.6817            0.6817        0.8141  0.0222  180.1494
    537            0.8650        0.7250       0.6844            0.6844        0.8043  0.0221  168.2676
    538            0.8291        0.6905       0.6574            0.6574        0.8470  0.0221  172.2478
    539            0.8476        0.6909       0.6744            0.6744        0.8221  0.0220  174.6260
    540            0.8453        0.6907       0.6740            0.6740        0.8398  0.0219  166.1775
    541            0.8356        0.7011       0.6605            0.6605        0.8605  0.0218  174.4101
    542            0.8256        0.6909       0.6532            0.6532        0.8596  0.0217  169.8833
    543            0.8160        0.6776       0.6562            0.6562        0.8626  0.0217  166.9499
    544            0.8179        0.7085       0.6416            0.6416        0.8791  0.0216  176.7102
    545            0.8634        0.6766       0.6948            0.6948        0.7908  0.0215  169.3673
    546            0.8711        0.6872       0.6933            0.6933        0.7912  0.0214  169.5431
    547            0.8549        0.6578       0.6671            0.6671        0.8332  0.0214  172.6239
    548            0.8418        0.6544       0.6655            0.6655        0.8451  0.0213  168.5603
    549            0.8465        0.6810       0.6566            0.6566        0.8447  0.0212  173.4290
    550            0.8522        0.6797       0.6752            0.6752        0.8107  0.0211  173.2131
    551            0.8364        0.6578       0.6640            0.6640        0.8469  0.0210  173.7741
    552            0.8661        0.6912       0.6948            0.6948        0.7983  0.0210  172.9165
    553            0.8681        0.6643       0.6937            0.6937        0.7931  0.0209  166.6170
    554            0.8592        0.7066       0.6821            0.6821        0.8096  0.0208  181.1076
    555            0.8592        0.6785       0.6894            0.6894        0.7991  0.0207  186.7850
    556            0.8630        0.6917       0.6848            0.6848        0.8077  0.0207  197.5899
    557            0.8573        0.6876       0.6829            0.6829        0.8083  0.0206  189.5179
    558            0.8430        0.6815       0.6732            0.6732        0.8222  0.0205  193.4044
    559            0.8600        0.6493       0.6871            0.6871        0.7965  0.0204  189.9517
    560            0.8607        0.6802       0.6902            0.6902        0.8002  0.0203  190.7707
    561            0.8468        0.6687       0.6671            0.6671        0.8280  0.0203  197.9715
    562            0.8395        0.6805       0.6624            0.6624        0.8409  0.0202  186.4872
    563            0.8426        0.6809       0.6767            0.6767        0.8309  0.0201  173.9170
    564            0.8634        0.6452       0.6860            0.6860        0.7942  0.0200  168.2232
    565            0.8522        0.6501       0.6802            0.6802        0.8139  0.0200  166.1361
    566            0.8580        0.6566       0.6779            0.6779        0.8062  0.0199  170.7063
    567            0.8573        0.6832       0.6948            0.6948        0.8023  0.0198  178.4920
    568            0.8688        0.6650       0.6956            0.6956        0.7958  0.0197  168.9744
    569            0.8654        0.6682       0.6948            0.6948        0.7920  0.0197  185.9906
    570            0.8677        0.6706       0.6875            0.6875        0.7953  0.0196  163.8564
    571            0.8391        0.6859       0.6705            0.6705        0.8327  0.0195  161.2704
    572            0.7670        0.6802       0.6069            0.6069        1.0137  0.0194  167.3128
    573            0.8546        0.6940       0.6848            0.6848        0.8183  0.0193  174.9969
    574            0.8638        0.6439       0.6875            0.6875        0.8005  0.0193  171.2107
    575            0.8522        0.6654       0.6798            0.6798        0.8094  0.0192  178.3404
    576            0.8634        0.6607       0.6771            0.6771        0.8034  0.0191  176.4236
    577            0.8360        0.6604       0.6644            0.6644        0.8355  0.0190  182.9336
    578            0.8654        0.6617       0.6863            0.6863        0.7972  0.0190  172.3520
    579            0.8488        0.6404       0.6744            0.6744        0.8317  0.0189  170.4808
    580            0.8673        0.6563       0.6790            0.6790        0.8017  0.0188  192.2116
    581            0.8704        0.6747       0.6879            0.6879        0.7933  0.0187  168.2413
    582            0.8233        0.6650       0.6520            0.6520        0.8558  0.0187  179.1038
    583            0.8650        0.6854       0.6902            0.6902        0.7977  0.0186  197.7266
    584            0.8588        0.6726       0.6790            0.6790        0.8072  0.0185  190.1045
    585            0.8414        0.6561       0.6806            0.6806        0.8224  0.0184  182.8596
    586            0.8835        0.6864       0.7045            0.7045        0.7863  0.0184  183.5893
    587            0.8596        0.6472       0.6910            0.6910        0.8023  0.0183  189.8536
    588            0.8696        0.6734       0.6979            0.6979        0.7841  0.0182  206.9715
    589            0.8758        0.6525       0.6960            0.6960        0.7865  0.0181  191.2556
    590            0.8634        0.6533       0.6883            0.6883        0.7908  0.0181  190.6754
    591            0.8522        0.6529       0.6817            0.6817        0.8030  0.0180  175.6236
    592            0.8503        0.6355       0.6871            0.6871        0.8146  0.0179  177.0929
    593            0.8700        0.6361       0.6910            0.6910        0.7939  0.0178  180.8005
    594            0.8654        0.6653       0.6917            0.6917        0.7982  0.0178  177.0560
    595            0.8692        0.6293       0.6875            0.6875        0.7920  0.0177  175.3586
    596            0.8519        0.6423       0.6744            0.6744        0.8178  0.0176  199.7807
    597            0.8681        0.6802       0.6860            0.6860        0.7929  0.0175  209.1444
    598            0.8507        0.6459       0.6856            0.6856        0.8057  0.0175  180.4640
    599            0.8623        0.6595       0.6956            0.6956        0.7950  0.0174  171.8178
    600            0.8638        0.6729       0.6890            0.6890        0.8053  0.0173  192.5972
    601            0.8715        0.6526       0.6952            0.6952        0.7853  0.0172  187.9935
    602            0.8580        0.6617       0.6856            0.6856        0.8046  0.0172  176.9828
    603            0.8669        0.6630       0.6871            0.6871        0.8002  0.0171  181.2188
    604            0.8611        0.6373       0.6875            0.6875        0.8036  0.0170  177.5247
    605            0.8603        0.6616       0.6728            0.6728        0.8214  0.0169  178.5277
    606            0.8754        0.6825       0.6906            0.6906        0.7923  0.0169  182.4462
    607            0.8665        0.6403       0.6929            0.6929        0.7955  0.0168  170.3237
    608            0.8542        0.6528       0.6713            0.6713        0.8102  0.0167  171.9351
    609            0.8657        0.6620       0.6887            0.6887        0.7989  0.0166  185.8791
    610            0.8746        0.6543       0.6944            0.6944        0.7895  0.0166  182.1753
    611            0.8650        0.6497       0.6852            0.6852        0.8104  0.0165  195.0139
    612            0.8499        0.6527       0.6786            0.6786        0.8179  0.0164  197.9603
    613            0.8708        0.6697       0.6983            0.6983        0.7918  0.0163  186.7601
    614            0.8422        0.6522       0.6767            0.6767        0.8104  0.0163  185.7183
    615            0.8503        0.6354       0.6748            0.6748        0.8210  0.0162  194.4493
    616            0.8472        0.6361       0.6786            0.6786        0.8256  0.0161  195.9001
    617            0.8519        0.6628       0.6794            0.6794        0.8125  0.0160  176.9391
    618            0.8765        0.6756       0.6944            0.6944        0.7908  0.0160  180.0278
    619            0.8654        0.6550       0.6825            0.6825        0.8065  0.0159  176.6915
    620            0.8434        0.6379       0.6597            0.6597        0.8542  0.0158  181.6470
    621            0.8445        0.6634       0.6709            0.6709        0.8350  0.0158  175.8560
    622            0.8738        0.6580       0.6925            0.6925        0.7909  0.0157  170.1461
    623            0.8677        0.6499       0.6848            0.6848        0.8079  0.0156  172.6534
    624            0.8696        0.6285       0.6867            0.6867        0.8038  0.0155  180.2880
    625            0.8449        0.6387       0.6694            0.6694        0.8305  0.0155  167.5722
    626            0.8681        0.6530       0.6856            0.6856        0.7989  0.0154  127.1936
    627            0.8615        0.6149       0.6779            0.6779        0.8169  0.0153  155.8161
    628            0.8700        0.6667       0.6840            0.6840        0.8013  0.0152  141.3901
    629            0.8735        0.6567       0.6987            0.6987        0.7864  0.0152  108.3599
    630            0.8607        0.6491       0.6821            0.6821        0.8068  0.0151  98.8030
Stopping since valid_loss has not improved in the last 200 epochs.
Elapsed time: 164900.44295287132 seconds
