before model fit
  epoch    train_accuracy    train_loss    valid_acc    valid_accuracy    valid_loss      lr      dur
-------  ----------------  ------------  -----------  ----------------  ------------  ------  -------
      1            0.3333        1.4369       0.3333            0.3333        1.3801  0.0009  21.0005
      2            0.3576        1.4177       0.3333            0.3333        1.3551  0.0009  33.5911
      3            0.3993        1.4014       0.3785            0.3785        1.3270  0.0009  20.7747
      4            0.4653        1.3264       0.4097            0.4097        1.3045  0.0009  22.3717
      5            0.5312        1.3450       0.4722            0.4722        1.2896  0.0009  23.3244
      6            0.5660        1.2926       0.4931            0.4931        1.2682  0.0009  21.2154
      7            0.6007        1.2963       0.4965            0.4965        1.2567  0.0009  24.1237
      8            0.5938        1.2921       0.5035            0.5035        1.2374  0.0009  20.2392
      9            0.5938        1.2480       0.4965            0.4965        1.2175  0.0009  21.6336
     10            0.6111        1.2526       0.5174            0.5174        1.1917  0.0009  23.6701
     11            0.6250        1.2553       0.5243            0.5243        1.1718  0.0009  23.6859
     12            0.6840        1.1896       0.5451            0.5451        1.1557  0.0009  26.0849
     13            0.6979        1.1631       0.5278            0.5278        1.1321  0.0009  24.3523
     14            0.6840        1.1444       0.5625            0.5625        1.1113  0.0009  25.4380
     15            0.7083        1.1405       0.5451            0.5451        1.1035  0.0009  21.6062
     16            0.6979        1.1078       0.5625            0.5625        1.0657  0.0008  17.7035
     17            0.7222        1.0833       0.5938            0.5938        1.0441  0.0008  17.4833
     18            0.7326        1.0481       0.5938            0.5938        1.0219  0.0008  16.4762
     19            0.7431        1.0580       0.5868            0.5868        1.0067  0.0008  16.4764
     20            0.7674        1.0061       0.5972            0.5972        0.9994  0.0008  17.7936
     21            0.7569        0.9694       0.6007            0.6007        0.9728  0.0008  18.7928
     22            0.7361        0.9694       0.6007            0.6007        0.9481  0.0008  16.7340
     23            0.7604        0.9567       0.6250            0.6250        0.9183  0.0008  18.8598
     24            0.7986        0.9343       0.6458            0.6458        0.8994  0.0008  16.6554
     25            0.7847        0.9213       0.6458            0.6458        0.8832  0.0008  16.7687
     26            0.8125        0.8983       0.6562            0.6562        0.8909  0.0008  16.6418
     27            0.8160        0.8792       0.6562            0.6562        0.8658  0.0008  20.5418
     28            0.8264        0.8747       0.6632            0.6632        0.8411  0.0007  16.9391
     29            0.8438        0.7665       0.6632            0.6632        0.8234  0.0007  17.9920
     30            0.8368        0.7760       0.6840            0.6840        0.8064  0.0007  17.4670
     31            0.8507        0.8267       0.6771            0.6771        0.7887  0.0007  18.4445
     32            0.8403        0.8311       0.6840            0.6840        0.7863  0.0007  19.2908
     33            0.8507        0.7474       0.7083            0.7083        0.7701  0.0007  18.2053
     34            0.8438        0.7303       0.6910            0.6910        0.7697  0.0007  24.4864
     35            0.8472        0.7624       0.6979            0.6979        0.7600  0.0007  24.1918
     36            0.8576        0.7309       0.7083            0.7083        0.7435  0.0006  24.8782
     37            0.8611        0.7237       0.7118            0.7118        0.7291  0.0006  28.3814
     38            0.8438        0.7338       0.7049            0.7049        0.7135  0.0006  25.0442
     39            0.8924        0.6499       0.7257            0.7257        0.6949  0.0006  20.2514
     40            0.8889        0.7148       0.7326            0.7326        0.7019  0.0006  20.9593
     41            0.8924        0.6820       0.7326            0.7326        0.6983  0.0006  20.9218
     42            0.8889        0.6443       0.7396            0.7396        0.6679  0.0006  16.1730
     43            0.8993        0.6301       0.7535            0.7535        0.6480  0.0006  19.2050
     44            0.9028        0.6581       0.7535            0.7535        0.6370  0.0005  22.4441
     45            0.9062        0.6823       0.7674            0.7674        0.6221  0.0005  21.4038
     46            0.9062        0.6435       0.7708            0.7708        0.6150  0.0005  17.4753
     47            0.9028        0.6382       0.7674            0.7674        0.6187  0.0005  22.0055
     48            0.9236        0.6068       0.7743            0.7743        0.6207  0.0005  24.5209
     49            0.9201        0.5718       0.7674            0.7674        0.6099  0.0005  26.4458
     50            0.9062        0.5664       0.7708            0.7708        0.6039  0.0005  21.8663
     51            0.9201        0.5864       0.7847            0.7847        0.5926  0.0004  19.9991
     52            0.9340        0.5900       0.7882            0.7882        0.5927  0.0004  21.9447
     53            0.9340        0.5820       0.7951            0.7951        0.5839  0.0004  17.6093
     54            0.9236        0.5846       0.7812            0.7812        0.5884  0.0004  17.7634
     55            0.9444        0.5517       0.7743            0.7743        0.5934  0.0004  30.9230
     56            0.9583        0.5334       0.7882            0.7882        0.5825  0.0004  29.2667
     57            0.9479        0.5630       0.7882            0.7882        0.5797  0.0004  22.9389
     58            0.9479        0.5194       0.7882            0.7882        0.5731  0.0003  16.4379
     59            0.9583        0.5120       0.8021            0.8021        0.5724  0.0003  19.4542
     60            0.9688        0.5112       0.7951            0.7951        0.5686  0.0003  18.6842
     61            0.9653        0.5476       0.7847            0.7847        0.5677  0.0003  18.7588
     62            0.9688        0.4896       0.7812            0.7812        0.5662  0.0003  17.2908
     63            0.9618        0.5687       0.7951            0.7951        0.5580  0.0003  16.5699
     64            0.9653        0.5257       0.8090            0.8090        0.5472  0.0003  17.2001
     65            0.9653        0.5470       0.8056            0.8056        0.5430  0.0003  17.6830
     66            0.9688        0.5005       0.8056            0.8056        0.5412  0.0002  31.5655
     67            0.9722        0.4876       0.8056            0.8056        0.5425  0.0002  21.3181
     68            0.9688        0.5204       0.8056            0.8056        0.5388  0.0002  18.5306
     69            0.9688        0.4835       0.8021            0.8021        0.5341  0.0002  20.2700
     70            0.9688        0.4532       0.8021            0.8021        0.5346  0.0002  24.4305
     71            0.9757        0.4997       0.8056            0.8056        0.5334  0.0002  19.2493
     72            0.9618        0.5085       0.7951            0.7951        0.5302  0.0002  16.7089
     73            0.9688        0.4857       0.8090            0.8090        0.5259  0.0002  16.8167
     74            0.9722        0.5126       0.8125            0.8125        0.5190  0.0001  16.5781
     75            0.9653        0.4351       0.8194            0.8194        0.5175  0.0001  18.2888
     76            0.9722        0.4686       0.8125            0.8125        0.5165  0.0001  18.2115
     77            0.9757        0.4589       0.8090            0.8090        0.5183  0.0001  20.3272
     78            0.9757        0.4812       0.8160            0.8160        0.5169  0.0001  22.7691
     79            0.9757        0.4881       0.8125            0.8125        0.5201  0.0001  19.2503
     80            0.9757        0.4388       0.8125            0.8125        0.5189  0.0001  20.1688
     81            0.9757        0.4696       0.8229            0.8229        0.5221  0.0001  20.1910
     82            0.9757        0.4243       0.8229            0.8229        0.5227  0.0001  23.7192
     83            0.9757        0.4556       0.8194            0.8194        0.5180  0.0001  22.1832
     84            0.9757        0.4568       0.8160            0.8160        0.5158  0.0001  20.3298
     85            0.9757        0.4958       0.8160            0.8160        0.5143  0.0001  18.4015
     86            0.9757        0.4506       0.8194            0.8194        0.5150  0.0000  21.5567
     87            0.9757        0.4485       0.8194            0.8194        0.5154  0.0000  26.8291
     88            0.9757        0.4517       0.8194            0.8194        0.5160  0.0000  18.1703
     89            0.9757        0.4414       0.8194            0.8194        0.5144  0.0000  17.8287
     90            0.9757        0.4766       0.8194            0.8194        0.5139  0.0000  18.9126
     91            0.9757        0.4895       0.8160            0.8160        0.5136  0.0000  30.0799
     92            0.9792        0.4442       0.8194            0.8194        0.5168  0.0000  22.2241
     93            0.9757        0.4482       0.8090            0.8090        0.5170  0.0000  20.2999
     94            0.9757        0.4883       0.8090            0.8090        0.5148  0.0000  21.2557
     95            0.9757        0.4411       0.8125            0.8125        0.5149  0.0000  21.8444
     96            0.9792        0.4553       0.8194            0.8194        0.5130  0.0000  19.8119
     97            0.9757        0.4335       0.8090            0.8090        0.5151  0.0000  21.8468
     98            0.9757        0.4441       0.8160            0.8160        0.5164  0.0000  21.3080
     99            0.9792        0.4919       0.8160            0.8160        0.5145  0.0000  21.3216
    100            0.9792        0.4468       0.8160            0.8160        0.5153  0.0000  21.9261
After model fit
Elapsed time: 2479.0277016162872 seconds
last line of code 
hello in subject, b4 data load
hello after data load
Used Annotations descriptions: ['feet', 'left_hand', 'right_hand', 'tongue']
Used Annotations descriptions: ['feet', 'left_hand', 'right_hand', 'tongue']
Used Annotations descriptions: ['feet', 'left_hand', 'right_hand', 'tongue']
Used Annotations descriptions: ['feet', 'left_hand', 'right_hand', 'tongue']
Used Annotations descriptions: ['feet', 'left_hand', 'right_hand', 'tongue']
Used Annotations descriptions: ['feet', 'left_hand', 'right_hand', 'tongue']
Used Annotations descriptions: ['feet', 'left_hand', 'right_hand', 'tongue']
Used Annotations descriptions: ['feet', 'left_hand', 'right_hand', 'tongue']
Used Annotations descriptions: ['feet', 'left_hand', 'right_hand', 'tongue']
Used Annotations descriptions: ['feet', 'left_hand', 'right_hand', 'tongue']
Used Annotations descriptions: ['feet', 'left_hand', 'right_hand', 'tongue']
Used Annotations descriptions: ['feet', 'left_hand', 'right_hand', 'tongue']
b4 cuda load
GPU not available
after cuda load
model definition
after model definition
b4 log file path
after log file path
