before model fit
  epoch    train_accuracy    train_loss    valid_acc    valid_accuracy    valid_loss      lr      dur
-------  ----------------  ------------  -----------  ----------------  ------------  ------  -------
      1            0.3368        1.4125       0.3507            0.3507        1.3703  0.0009  11.5630
      2            0.3993        1.4134       0.3750            0.3750        1.3453  0.0009  10.5157
      3            0.4410        1.3821       0.3854            0.3854        1.3274  0.0009  11.8549
      4            0.4722        1.3576       0.3958            0.3958        1.3123  0.0009  10.7731
      5            0.5000        1.3070       0.4062            0.4062        1.2984  0.0009  10.3597
      6            0.5278        1.3349       0.3958            0.3958        1.2879  0.0009  10.0042
      7            0.5625        1.2587       0.4167            0.4167        1.2712  0.0009  16.3750
      8            0.5799        1.2998       0.4340            0.4340        1.2596  0.0009  13.7515
      9            0.5972        1.2385       0.4306            0.4306        1.2512  0.0009  9.8979
     10            0.6181        1.2299       0.4201            0.4201        1.2419  0.0009  9.8790
     11            0.6424        1.1987       0.4410            0.4410        1.2272  0.0009  10.3870
     12            0.6806        1.1523       0.4896            0.4896        1.2074  0.0009  13.4849
     13            0.7049        1.1463       0.5069            0.5069        1.1883  0.0009  13.5504
     14            0.6806        1.1277       0.4549            0.4549        1.1907  0.0009  10.6660
     15            0.7049        1.1344       0.4896            0.4896        1.1742  0.0009  11.6332
     16            0.7257        1.0919       0.4896            0.4896        1.1584  0.0008  9.8577
     17            0.7257        1.0865       0.4896            0.4896        1.1510  0.0008  11.5696
     18            0.7361        1.0383       0.5382            0.5382        1.1252  0.0008  10.5097
     19            0.7500        1.0617       0.5521            0.5521        1.1065  0.0008  9.7567
     20            0.7431        1.0075       0.5451            0.5451        1.0990  0.0008  12.7213
     21            0.7500        0.9841       0.5625            0.5625        1.0773  0.0008  11.1012
     22            0.8021        0.9475       0.5972            0.5972        1.0336  0.0008  11.7575
     23            0.8125        0.9438       0.6111            0.6111        1.0094  0.0008  13.2070
     24            0.7569        0.9630       0.5104            0.5104        1.0930  0.0008  13.7649
     25            0.7708        0.9489       0.5694            0.5694        1.0313  0.0008  10.7435
     26            0.8194        0.8829       0.6285            0.6285        0.9699  0.0008  11.6928
     27            0.8194        0.8691       0.6146            0.6146        0.9883  0.0008  12.8822
     28            0.8194        0.8697       0.6146            0.6146        0.9724  0.0007  11.5429
     29            0.8438        0.8207       0.6285            0.6285        0.9453  0.0007  11.5704
     30            0.8507        0.8119       0.6250            0.6250        0.9451  0.0007  12.0086
     31            0.8438        0.8271       0.6146            0.6146        0.9547  0.0007  10.1648
     32            0.8507        0.7934       0.6181            0.6181        0.9544  0.0007  12.8791
     33            0.8646        0.7774       0.6285            0.6285        0.9007  0.0007  11.3886
     34            0.8646        0.7905       0.6285            0.6285        0.8974  0.0007  10.5451
     35            0.8611        0.7741       0.6493            0.6493        0.8892  0.0007  12.6544
     36            0.8750        0.7407       0.6597            0.6597        0.8637  0.0006  12.2988
     37            0.8576        0.7203       0.6319            0.6319        0.8945  0.0006  11.1425
     38            0.8646        0.7215       0.6389            0.6389        0.8920  0.0006  20.8425
     39            0.8785        0.7166       0.6597            0.6597        0.8636  0.0006  17.0076
     40            0.8958        0.7386       0.6771            0.6771        0.8504  0.0006  13.4841
     41            0.9132        0.6727       0.6701            0.6701        0.8374  0.0006  10.4435
     42            0.9062        0.6749       0.6771            0.6771        0.8311  0.0006  10.6301
     43            0.9097        0.6805       0.6597            0.6597        0.8381  0.0006  9.8668
     44            0.8993        0.6908       0.6875            0.6875        0.8111  0.0005  10.4769
     45            0.8993        0.6349       0.6875            0.6875        0.8025  0.0005  13.9141
     46            0.8924        0.6658       0.6667            0.6667        0.8272  0.0005  10.6404
     47            0.9201        0.6388       0.6667            0.6667        0.8216  0.0005  10.4480
     48            0.9132        0.6331       0.6944            0.6944        0.7939  0.0005  11.4869
     49            0.9097        0.5815       0.6840            0.6840        0.8083  0.0005  10.9242
     50            0.8993        0.6210       0.6806            0.6806        0.8135  0.0005  13.6725
     51            0.9097        0.6505       0.6875            0.6875        0.8061  0.0004  14.5161
     52            0.9236        0.5955       0.7049            0.7049        0.7672  0.0004  10.9077
     53            0.9201        0.5800       0.7153            0.7153        0.7722  0.0004  10.3157
     54            0.9201        0.5575       0.7083            0.7083        0.7716  0.0004  11.0834
     55            0.9271        0.5862       0.7118            0.7118        0.7503  0.0004  10.3373
     56            0.9167        0.5687       0.7049            0.7049        0.7625  0.0004  13.0556
     57            0.9132        0.5722       0.6979            0.6979        0.7614  0.0004  12.6293
     58            0.9306        0.5499       0.7222            0.7222        0.7406  0.0003  10.8332
     59            0.9306        0.5696       0.7222            0.7222        0.7359  0.0003  11.0152
     60            0.9236        0.5501       0.7188            0.7188        0.7351  0.0003  11.1681
     61            0.9306        0.5343       0.7222            0.7222        0.7405  0.0003  12.6099
     62            0.9306        0.5437       0.7118            0.7118        0.7510  0.0003  13.6031
     63            0.9306        0.5191       0.7153            0.7153        0.7334  0.0003  11.4911
     64            0.9340        0.5102       0.7292            0.7292        0.7266  0.0003  10.5926
     65            0.9340        0.5382       0.7118            0.7118        0.7273  0.0003  10.6512
     66            0.9479        0.5201       0.7188            0.7188        0.7279  0.0002  10.2912
     67            0.9444        0.5910       0.7118            0.7118        0.7294  0.0002  12.1480
     68            0.9410        0.5124       0.7083            0.7083        0.7261  0.0002  9.5599
     69            0.9410        0.5319       0.7118            0.7118        0.7234  0.0002  12.8085
     70            0.9444        0.4634       0.7222            0.7222        0.7199  0.0002  12.6394
     71            0.9479        0.4976       0.7188            0.7188        0.7221  0.0002  19.7610
     72            0.9479        0.4973       0.7118            0.7118        0.7185  0.0002  13.6435
     73            0.9479        0.5394       0.7326            0.7326        0.7030  0.0002  10.5602
     74            0.9514        0.5185       0.7326            0.7326        0.7022  0.0001  11.7492
     75            0.9514        0.4902       0.7222            0.7222        0.7102  0.0001  11.6201
     76            0.9514        0.4988       0.7222            0.7222        0.7134  0.0001  10.4762
     77            0.9514        0.4743       0.7222            0.7222        0.7192  0.0001  11.7723
     78            0.9514        0.4527       0.7222            0.7222        0.7177  0.0001  12.1538
     79            0.9479        0.4578       0.7222            0.7222        0.7184  0.0001  11.4394
     80            0.9514        0.4845       0.7257            0.7257        0.7149  0.0001  11.0696
     81            0.9514        0.5378       0.7222            0.7222        0.7090  0.0001  10.3767
     82            0.9514        0.5183       0.7222            0.7222        0.7105  0.0001  10.3799
     83            0.9514        0.4837       0.7292            0.7292        0.7079  0.0001  10.4268
     84            0.9514        0.4424       0.7257            0.7257        0.7087  0.0001  9.9850
     85            0.9549        0.4387       0.7257            0.7257        0.7096  0.0001  11.3463
     86            0.9514        0.4628       0.7222            0.7222        0.7112  0.0000  13.1171
     87            0.9514        0.4878       0.7188            0.7188        0.7135  0.0000  10.5242
     88            0.9514        0.4443       0.7188            0.7188        0.7130  0.0000  10.7119
     89            0.9479        0.4628       0.7188            0.7188        0.7136  0.0000  10.7476
     90            0.9444        0.4916       0.7188            0.7188        0.7133  0.0000  11.3974
     91            0.9514        0.5056       0.7222            0.7222        0.7106  0.0000  11.4380
Stopping since valid_loss has not improved in the last 18 epochs.
After model fit
Elapsed time: 1252.329029083252 seconds
last line of code 
hello in subject, b4 data load
hello after data load
Used Annotations descriptions: ['feet', 'left_hand', 'right_hand', 'tongue']
Used Annotations descriptions: ['feet', 'left_hand', 'right_hand', 'tongue']
Used Annotations descriptions: ['feet', 'left_hand', 'right_hand', 'tongue']
Used Annotations descriptions: ['feet', 'left_hand', 'right_hand', 'tongue']
Used Annotations descriptions: ['feet', 'left_hand', 'right_hand', 'tongue']
Used Annotations descriptions: ['feet', 'left_hand', 'right_hand', 'tongue']
Used Annotations descriptions: ['feet', 'left_hand', 'right_hand', 'tongue']
Used Annotations descriptions: ['feet', 'left_hand', 'right_hand', 'tongue']
Used Annotations descriptions: ['feet', 'left_hand', 'right_hand', 'tongue']
Used Annotations descriptions: ['feet', 'left_hand', 'right_hand', 'tongue']
Used Annotations descriptions: ['feet', 'left_hand', 'right_hand', 'tongue']
Used Annotations descriptions: ['feet', 'left_hand', 'right_hand', 'tongue']
b4 cuda load
GPU not available
after cuda load
model definition
after model definition
b4 log file path
after log file path
