before model fit
  epoch    train_accuracy    train_loss    valid_acc    valid_accuracy    valid_loss      lr      dur
-------  ----------------  ------------  -----------  ----------------  ------------  ------  -------
      1            0.2743        1.4968       0.2847            0.2847        1.3672  0.0009  22.4585
      2            0.3403        1.4037       0.3542            0.3542        1.3389  0.0009  15.1352
      3            0.4062        1.3736       0.4028            0.4028        1.3206  0.0009  18.7749
      4            0.4792        1.3956       0.4097            0.4097        1.3061  0.0009  20.5470
      5            0.5069        1.3571       0.4201            0.4201        1.2964  0.0009  25.6685
      6            0.5312        1.3069       0.4340            0.4340        1.2890  0.0009  16.2904
      7            0.5486        1.2961       0.4444            0.4444        1.2819  0.0009  14.2936
      8            0.5625        1.3225       0.4444            0.4444        1.2755  0.0009  12.9179
      9            0.5729        1.2676       0.4479            0.4479        1.2677  0.0009  13.8622
     10            0.5486        1.2370       0.4479            0.4479        1.2593  0.0009  12.6818
     11            0.5451        1.3222       0.4618            0.4618        1.2516  0.0009  13.9517
     12            0.5694        1.2498       0.4722            0.4722        1.2455  0.0009  13.1487
     13            0.5799        1.2218       0.4792            0.4792        1.2383  0.0009  11.8922
     14            0.6007        1.2147       0.4722            0.4722        1.2322  0.0009  12.5849
     15            0.5972        1.1759       0.4549            0.4549        1.2301  0.0009  15.5131
     16            0.6076        1.1640       0.4618            0.4618        1.2181  0.0008  11.9476
     17            0.6250        1.1466       0.4618            0.4618        1.2062  0.0008  12.1411
     18            0.6458        1.1297       0.4653            0.4653        1.1941  0.0008  16.2731
     19            0.6528        1.1353       0.4722            0.4722        1.1733  0.0008  14.8877
     20            0.6667        1.0781       0.5000            0.5000        1.1538  0.0008  13.4951
     21            0.6771        1.1151       0.4965            0.4965        1.1424  0.0008  15.2550
     22            0.6944        1.0819       0.5139            0.5139        1.1384  0.0008  12.3134
     23            0.6840        1.0491       0.5069            0.5069        1.1183  0.0008  13.6083
     24            0.6736        1.0309       0.4896            0.4896        1.1234  0.0008  17.5849
     25            0.6979        1.0190       0.5312            0.5312        1.0903  0.0008  14.2616
     26            0.7118        1.0452       0.5521            0.5521        1.0740  0.0008  10.7647
     27            0.6979        0.9536       0.5000            0.5000        1.0958  0.0008  11.7192
     28            0.7361        0.9676       0.5208            0.5208        1.0630  0.0007  16.2733
     29            0.7743        0.9415       0.5764            0.5764        1.0410  0.0007  15.8296
     30            0.7361        0.9083       0.5556            0.5556        1.0588  0.0007  15.9100
     31            0.7569        0.9610       0.5590            0.5590        1.0432  0.0007  15.9612
     32            0.7500        0.9176       0.5382            0.5382        1.0539  0.0007  17.5744
     33            0.7951        0.9076       0.5938            0.5938        0.9967  0.0007  14.3577
     34            0.8056        0.9019       0.6007            0.6007        0.9881  0.0007  15.1930
     35            0.7882        0.8002       0.5694            0.5694        1.0043  0.0007  13.6305
     36            0.8194        0.8608       0.6007            0.6007        0.9749  0.0006  15.6653
     37            0.8125        0.8543       0.5972            0.5972        0.9825  0.0006  15.3005
     38            0.8125        0.8197       0.6076            0.6076        0.9724  0.0006  14.0094
     39            0.8611        0.7799       0.6389            0.6389        0.9316  0.0006  14.6323
     40            0.8264        0.7779       0.5972            0.5972        0.9408  0.0006  12.4827
     41            0.8403        0.7849       0.6146            0.6146        0.9270  0.0006  17.0441
     42            0.8750        0.7975       0.6146            0.6146        0.9085  0.0006  13.1939
     43            0.8681        0.7713       0.6146            0.6146        0.9038  0.0006  15.3798
     44            0.8715        0.7216       0.6389            0.6389        0.8888  0.0005  12.8922
     45            0.8958        0.7079       0.6215            0.6215        0.8742  0.0005  14.4595
     46            0.8819        0.7277       0.6424            0.6424        0.8641  0.0005  14.8743
     47            0.8715        0.6839       0.6458            0.6458        0.8747  0.0005  17.3032
     48            0.8750        0.7123       0.6285            0.6285        0.8646  0.0005  13.3055
     49            0.9028        0.6853       0.6458            0.6458        0.8474  0.0005  17.2411
     50            0.9062        0.6835       0.6562            0.6562        0.8396  0.0005  17.3611
     51            0.9028        0.6878       0.6389            0.6389        0.8411  0.0004  18.9783
     52            0.8889        0.6740       0.6354            0.6354        0.8427  0.0004  16.0837
     53            0.9097        0.6390       0.6632            0.6632        0.8187  0.0004  17.6887
     54            0.9097        0.6709       0.6493            0.6493        0.8110  0.0004  14.5407
     55            0.9132        0.6615       0.6528            0.6528        0.8124  0.0004  12.7170
     56            0.9132        0.6149       0.6493            0.6493        0.8233  0.0004  16.6228
     57            0.9132        0.6271       0.6528            0.6528        0.8109  0.0004  15.3425
     58            0.9097        0.5716       0.6632            0.6632        0.7934  0.0003  15.6781
     59            0.9097        0.6308       0.6562            0.6562        0.7877  0.0003  14.1128
     60            0.9167        0.6263       0.6528            0.6528        0.7802  0.0003  12.1727
     61            0.9132        0.5683       0.6597            0.6597        0.7792  0.0003  11.1051
     62            0.9132        0.5493       0.6632            0.6632        0.7893  0.0003  13.7356
     63            0.9271        0.5424       0.6597            0.6597        0.7907  0.0003  12.9058
     64            0.9201        0.5738       0.6597            0.6597        0.7831  0.0003  16.1075
     65            0.9201        0.5908       0.6667            0.6667        0.7771  0.0003  12.3600
     66            0.9271        0.5552       0.6667            0.6667        0.7746  0.0002  13.7920
     67            0.9236        0.5363       0.6632            0.6632        0.7734  0.0002  19.7896
     68            0.9306        0.5886       0.6736            0.6736        0.7662  0.0002  28.1203
     69            0.9340        0.5429       0.6736            0.6736        0.7664  0.0002  18.4414
     70            0.9306        0.5392       0.6632            0.6632        0.7670  0.0002  27.1432
     71            0.9236        0.5604       0.6632            0.6632        0.7732  0.0002  23.8810
     72            0.9201        0.5408       0.6632            0.6632        0.7741  0.0002  25.8187
     73            0.9306        0.5584       0.6632            0.6632        0.7720  0.0002  28.5156
     74            0.9306        0.5874       0.6597            0.6597        0.7719  0.0001  22.5914
     75            0.9271        0.5373       0.6597            0.6597        0.7726  0.0001  25.0523
     76            0.9236        0.5914       0.6667            0.6667        0.7756  0.0001  24.1557
     77            0.9306        0.5529       0.6667            0.6667        0.7747  0.0001  23.5279
     78            0.9306        0.5218       0.6667            0.6667        0.7744  0.0001  22.4098
     79            0.9375        0.5108       0.6597            0.6597        0.7707  0.0001  23.5844
     80            0.9410        0.5373       0.6701            0.6701        0.7652  0.0001  23.2524
     81            0.9410        0.5418       0.6736            0.6736        0.7637  0.0001  29.0190
     82            0.9410        0.5119       0.6736            0.6736        0.7630  0.0001  23.4462
     83            0.9340        0.5348       0.6771            0.6771        0.7635  0.0001  25.0013
     84            0.9375        0.5590       0.6771            0.6771        0.7625  0.0001  25.1057
     85            0.9340        0.5166       0.6771            0.6771        0.7633  0.0001  23.4780
     86            0.9306        0.5508       0.6806            0.6806        0.7630  0.0000  22.8989
     87            0.9340        0.5426       0.6806            0.6806        0.7622  0.0000  24.2988
     88            0.9271        0.4926       0.6806            0.6806        0.7632  0.0000  23.0657
     89            0.9271        0.5310       0.6771            0.6771        0.7623  0.0000  23.6131
     90            0.9271        0.5519       0.6736            0.6736        0.7623  0.0000  23.1174
     91            0.9271        0.4961       0.6736            0.6736        0.7628  0.0000  23.7373
     92            0.9271        0.4987       0.6771            0.6771        0.7617  0.0000  25.1475
     93            0.9271        0.5178       0.6771            0.6771        0.7621  0.0000  24.4823
     94            0.9271        0.5287       0.6771            0.6771        0.7622  0.0000  22.3414
     95            0.9271        0.5207       0.6736            0.6736        0.7617  0.0000  23.8048
     96            0.9271        0.5414       0.6736            0.6736        0.7622  0.0000  26.1973
     97            0.9271        0.5260       0.6701            0.6701        0.7621  0.0000  24.1138
     98            0.9340        0.5288       0.6806            0.6806        0.7611  0.0000  27.8646
     99            0.9306        0.5243       0.6771            0.6771        0.7608  0.0000  24.9254
    100            0.9306        0.5142       0.6771            0.6771        0.7613  0.0000  25.6776
After model fit
Elapsed time: 2165.1974906921387 seconds
last line of code 
hello in subject, b4 data load
hello after data load
Used Annotations descriptions: ['feet', 'left_hand', 'right_hand', 'tongue']
Used Annotations descriptions: ['feet', 'left_hand', 'right_hand', 'tongue']
Used Annotations descriptions: ['feet', 'left_hand', 'right_hand', 'tongue']
Used Annotations descriptions: ['feet', 'left_hand', 'right_hand', 'tongue']
Used Annotations descriptions: ['feet', 'left_hand', 'right_hand', 'tongue']
Used Annotations descriptions: ['feet', 'left_hand', 'right_hand', 'tongue']
Used Annotations descriptions: ['feet', 'left_hand', 'right_hand', 'tongue']
Used Annotations descriptions: ['feet', 'left_hand', 'right_hand', 'tongue']
Used Annotations descriptions: ['feet', 'left_hand', 'right_hand', 'tongue']
Used Annotations descriptions: ['feet', 'left_hand', 'right_hand', 'tongue']
Used Annotations descriptions: ['feet', 'left_hand', 'right_hand', 'tongue']
Used Annotations descriptions: ['feet', 'left_hand', 'right_hand', 'tongue']
b4 cuda load
GPU not available
after cuda load
model definition
after model definition
b4 log file path
after log file path
