before model fit
  epoch    train_accuracy    train_loss    valid_acc    valid_accuracy    valid_loss      lr      dur
-------  ----------------  ------------  -----------  ----------------  ------------  ------  -------
      1            0.2743        1.4573       0.2708            0.2708        1.3819  0.0009  18.6213
      2            0.3264        1.4238       0.3229            0.3229        1.3628  0.0009  18.0950
      3            0.3924        1.3723       0.3299            0.3299        1.3443  0.0009  17.9459
      4            0.4410        1.3525       0.3438            0.3438        1.3298  0.0009  18.4664
      5            0.4583        1.3717       0.3750            0.3750        1.3160  0.0009  18.2915
      6            0.5035        1.3129       0.3750            0.3750        1.3039  0.0009  18.7814
      7            0.5104        1.3188       0.3924            0.3924        1.2974  0.0009  19.2319
      8            0.5451        1.3130       0.4375            0.4375        1.2817  0.0009  18.6866
      9            0.5903        1.3012       0.4410            0.4410        1.2735  0.0009  18.3675
     10            0.5903        1.2730       0.4444            0.4444        1.2596  0.0009  17.1932
     11            0.5799        1.2458       0.4688            0.4688        1.2433  0.0009  18.0689
     12            0.6146        1.2364       0.4688            0.4688        1.2385  0.0009  17.4146
     13            0.6597        1.2387       0.4653            0.4653        1.2288  0.0009  19.0638
     14            0.6493        1.1497       0.4931            0.4931        1.2086  0.0009  17.8264
     15            0.6424        1.1720       0.5000            0.5000        1.1938  0.0009  20.6200
     16            0.6910        1.1810       0.5139            0.5139        1.1853  0.0008  20.0474
     17            0.6979        1.1342       0.5139            0.5139        1.1780  0.0008  31.9877
     18            0.7014        1.1383       0.5243            0.5243        1.1567  0.0008  24.5801
     19            0.7222        1.1471       0.5417            0.5417        1.1429  0.0008  18.1848
     20            0.7118        1.0618       0.5312            0.5312        1.1401  0.0008  18.5040
     21            0.7153        1.1539       0.5382            0.5382        1.1336  0.0008  18.3344
     22            0.7569        1.0578       0.5764            0.5764        1.1276  0.0008  18.8610
     23            0.7396        1.1140       0.5590            0.5590        1.1069  0.0008  18.3953
     24            0.7465        1.0611       0.5799            0.5799        1.0989  0.0008  22.6294
     25            0.7708        1.0441       0.6042            0.6042        1.0861  0.0008  21.6981
     26            0.7569        1.0772       0.5868            0.5868        1.0788  0.0008  19.6945
     27            0.7604        0.9770       0.5868            0.5868        1.0750  0.0008  24.7405
     28            0.7743        1.0023       0.6007            0.6007        1.0634  0.0007  21.2610
     29            0.7917        0.9703       0.5972            0.5972        1.0649  0.0007  18.4313
     30            0.7847        0.9486       0.6111            0.6111        1.0547  0.0007  20.8809
     31            0.7847        0.9472       0.6181            0.6181        1.0386  0.0007  19.8532
     32            0.8056        0.8923       0.6181            0.6181        1.0365  0.0007  18.9337
     33            0.8194        0.9483       0.6181            0.6181        1.0327  0.0007  16.6418
     34            0.8090        0.8810       0.6076            0.6076        1.0296  0.0007  19.0283
     35            0.8021        0.9119       0.6111            0.6111        1.0288  0.0007  19.5851
     36            0.8056        0.9064       0.6076            0.6076        1.0230  0.0006  17.6010
     37            0.8194        0.8827       0.6250            0.6250        1.0133  0.0006  16.8920
     38            0.8194        0.8767       0.6146            0.6146        1.0202  0.0006  17.4860
     39            0.8160        0.8147       0.6111            0.6111        1.0255  0.0006  19.7039
     40            0.8194        0.8430       0.6389            0.6389        1.0075  0.0006  19.0406
     41            0.8368        0.8552       0.6319            0.6319        1.0066  0.0006  27.5328
     42            0.8368        0.8004       0.6319            0.6319        1.0028  0.0006  28.1490
     43            0.8299        0.7969       0.6146            0.6146        1.0042  0.0006  23.3313
     44            0.8368        0.7999       0.6146            0.6146        1.0055  0.0005  25.9640
     45            0.8403        0.8064       0.6250            0.6250        0.9960  0.0005  27.7021
     46            0.8438        0.7807       0.6424            0.6424        0.9883  0.0005  23.8728
     47            0.8438        0.7944       0.6424            0.6424        0.9873  0.0005  32.1772
     48            0.8438        0.7840       0.6424            0.6424        0.9974  0.0005  32.2762
     49            0.8507        0.7746       0.6389            0.6389        0.9956  0.0005  32.8125
     50            0.8542        0.7790       0.6250            0.6250        0.9955  0.0005  29.8185
     51            0.8576        0.7663       0.6076            0.6076        0.9954  0.0004  31.2429
     52            0.8646        0.7558       0.6076            0.6076        1.0047  0.0004  30.0154
     53            0.8611        0.6955       0.6146            0.6146        1.0026  0.0004  31.0514
     54            0.8576        0.7177       0.6076            0.6076        1.0134  0.0004  26.5989
     55            0.8507        0.7014       0.6215            0.6215        1.0067  0.0004  26.6723
     56            0.8681        0.7273       0.6111            0.6111        0.9951  0.0004  31.3632
     57            0.8819        0.7556       0.5972            0.5972        0.9993  0.0004  27.0135
     58            0.8750        0.7107       0.6042            0.6042        1.0042  0.0003  27.4668
     59            0.8715        0.6709       0.6007            0.6007        1.0155  0.0003  29.2325
     60            0.8924        0.6866       0.6042            0.6042        1.0033  0.0003  29.9116
     61            0.8924        0.6930       0.6076            0.6076        1.0060  0.0003  25.9223
     62            0.8715        0.6971       0.5972            0.5972        1.0133  0.0003  20.2696
     63            0.8889        0.6669       0.6146            0.6146        1.0030  0.0003  13.3523
     64            0.8958        0.7209       0.6181            0.6181        0.9998  0.0003  14.6020
Stopping since valid_loss has not improved in the last 18 epochs.
After model fit
Elapsed time: 1709.4354348182678 seconds
last line of code 
hello in subject, b4 data load
hello after data load
Used Annotations descriptions: ['feet', 'left_hand', 'right_hand', 'tongue']
Used Annotations descriptions: ['feet', 'left_hand', 'right_hand', 'tongue']
Used Annotations descriptions: ['feet', 'left_hand', 'right_hand', 'tongue']
Used Annotations descriptions: ['feet', 'left_hand', 'right_hand', 'tongue']
Used Annotations descriptions: ['feet', 'left_hand', 'right_hand', 'tongue']
Used Annotations descriptions: ['feet', 'left_hand', 'right_hand', 'tongue']
Used Annotations descriptions: ['feet', 'left_hand', 'right_hand', 'tongue']
Used Annotations descriptions: ['feet', 'left_hand', 'right_hand', 'tongue']
Used Annotations descriptions: ['feet', 'left_hand', 'right_hand', 'tongue']
Used Annotations descriptions: ['feet', 'left_hand', 'right_hand', 'tongue']
Used Annotations descriptions: ['feet', 'left_hand', 'right_hand', 'tongue']
Used Annotations descriptions: ['feet', 'left_hand', 'right_hand', 'tongue']
b4 cuda load
GPU not available
after cuda load
model definition
after model definition
b4 log file path
after log file path
