before model fit
  epoch    train_accuracy    train_loss    valid_acc    valid_accuracy    valid_loss      lr      dur
-------  ----------------  ------------  -----------  ----------------  ------------  ------  -------
      1            0.3924        1.4271       0.3229            0.3229        1.3737  0.0009  12.8386
      2            0.4549        1.3709       0.4167            0.4167        1.3411  0.0009  10.9758
      3            0.5451        1.3758       0.4514            0.4514        1.3063  0.0009  11.2143
      4            0.6597        1.2969       0.5243            0.5243        1.2677  0.0009  9.0527
      5            0.7049        1.3036       0.5347            0.5347        1.2322  0.0009  9.4561
      6            0.7083        1.2026       0.5347            0.5347        1.2021  0.0009  10.1924
      7            0.7153        1.1550       0.5556            0.5556        1.1715  0.0009  13.9426
      8            0.7153        1.1397       0.5590            0.5590        1.1474  0.0009  8.9673
      9            0.7222        1.1139       0.5382            0.5382        1.1256  0.0009  9.6923
     10            0.7361        1.0571       0.5729            0.5729        1.1001  0.0009  10.3073
     11            0.7465        1.0631       0.5799            0.5799        1.0776  0.0009  10.2832
     12            0.7257        0.9763       0.5694            0.5694        1.0691  0.0009  10.3903
     13            0.7465        0.9375       0.5799            0.5799        1.0446  0.0009  10.3275
     14            0.7639        0.9848       0.6076            0.6076        1.0068  0.0009  10.5731
     15            0.7708        0.9029       0.6076            0.6076        0.9872  0.0009  11.8341
     16            0.7708        0.8634       0.5833            0.5833        0.9898  0.0008  9.3437
     17            0.7778        0.8479       0.6042            0.6042        0.9801  0.0008  13.7862
     18            0.7847        0.8903       0.6007            0.6007        0.9735  0.0008  14.5822
     19            0.8056        0.8337       0.6111            0.6111        0.9583  0.0008  15.3577
     20            0.8125        0.8276       0.6181            0.6181        0.9447  0.0008  15.0483
     21            0.8090        0.7662       0.6215            0.6215        0.9354  0.0008  15.0367
     22            0.7986        0.8054       0.5938            0.5938        0.9342  0.0008  14.9704
     23            0.7951        0.7882       0.6215            0.6215        0.9376  0.0008  14.6779
     24            0.8264        0.7798       0.6389            0.6389        0.9174  0.0008  10.7838
     25            0.8403        0.7656       0.6562            0.6562        0.8859  0.0008  11.2431
     26            0.8403        0.6969       0.6285            0.6285        0.8775  0.0008  9.7747
     27            0.8403        0.7334       0.6458            0.6458        0.8921  0.0008  10.7653
     28            0.8299        0.6842       0.6458            0.6458        0.8984  0.0007  9.6362
     29            0.8507        0.6925       0.6424            0.6424        0.8784  0.0007  11.3834
     30            0.8542        0.6654       0.6562            0.6562        0.8581  0.0007  10.5949
     31            0.8646        0.6660       0.6632            0.6632        0.8594  0.0007  10.9724
     32            0.8576        0.6538       0.6562            0.6562        0.8498  0.0007  9.9962
     33            0.8403        0.7090       0.6528            0.6528        0.8508  0.0007  9.8532
     34            0.8542        0.6245       0.6632            0.6632        0.8624  0.0007  9.9319
     35            0.8750        0.6228       0.6493            0.6493        0.8411  0.0007  10.6198
     36            0.8819        0.6056       0.6562            0.6562        0.8297  0.0006  12.0177
     37            0.8785        0.6414       0.6493            0.6493        0.8361  0.0006  10.6968
     38            0.8715        0.6123       0.6701            0.6701        0.8390  0.0006  11.8388
     39            0.8750        0.6349       0.6736            0.6736        0.8442  0.0006  11.5565
     40            0.8750        0.5954       0.6493            0.6493        0.8441  0.0006  16.0314
     41            0.8889        0.6072       0.6840            0.6840        0.8256  0.0006  12.7909
     42            0.8958        0.6632       0.6806            0.6806        0.8144  0.0006  13.5414
     43            0.8819        0.6573       0.6528            0.6528        0.8237  0.0006  11.7162
     44            0.8889        0.6414       0.6701            0.6701        0.8197  0.0005  10.0399
     45            0.8889        0.5380       0.6736            0.6736        0.8482  0.0005  11.1930
     46            0.8924        0.5962       0.6667            0.6667        0.8382  0.0005  11.4584
     47            0.8993        0.5858       0.6458            0.6458        0.8294  0.0005  14.7041
     48            0.8993        0.5292       0.6597            0.6597        0.8174  0.0005  10.0983
     49            0.8993        0.5851       0.6840            0.6840        0.8070  0.0005  13.2521
     50            0.9028        0.5315       0.6910            0.6910        0.8094  0.0005  11.1210
     51            0.8993        0.5260       0.6736            0.6736        0.8094  0.0004  10.5422
     52            0.9097        0.5089       0.6944            0.6944        0.8045  0.0004  11.9117
     53            0.9097        0.5882       0.6771            0.6771        0.8037  0.0004  9.4994
     54            0.9132        0.5457       0.6875            0.6875        0.8123  0.0004  8.9784
     55            0.9097        0.5253       0.6875            0.6875        0.8019  0.0004  10.3055
     56            0.9167        0.5114       0.6701            0.6701        0.8124  0.0004  9.2442
     57            0.9132        0.5728       0.6910            0.6910        0.8050  0.0004  11.5291
     58            0.9132        0.5095       0.6944            0.6944        0.7868  0.0003  18.3944
     59            0.9132        0.5282       0.6875            0.6875        0.7800  0.0003  15.2543
     60            0.9097        0.5232       0.7049            0.7049        0.7776  0.0003  12.7357
     61            0.9097        0.5248       0.6910            0.6910        0.7810  0.0003  12.6357
     62            0.9167        0.4852       0.6875            0.6875        0.7889  0.0003  15.6464
     63            0.9201        0.4877       0.6910            0.6910        0.7937  0.0003  10.4420
     64            0.9201        0.5088       0.6944            0.6944        0.7930  0.0003  12.5000
     65            0.9271        0.4580       0.6875            0.6875        0.7883  0.0003  11.5216
     66            0.9306        0.4525       0.6875            0.6875        0.7840  0.0002  12.4443
     67            0.9236        0.4914       0.6944            0.6944        0.7820  0.0002  9.7616
     68            0.9306        0.4696       0.6875            0.6875        0.7833  0.0002  9.7553
     69            0.9236        0.4783       0.6910            0.6910        0.7884  0.0002  13.0853
     70            0.9201        0.4702       0.6979            0.6979        0.7802  0.0002  9.3740
     71            0.9167        0.4915       0.6944            0.6944        0.7797  0.0002  10.8134
     72            0.9201        0.4650       0.6910            0.6910        0.7724  0.0002  10.0489
     73            0.9201        0.4831       0.6979            0.6979        0.7727  0.0002  10.0611
     74            0.9236        0.5176       0.6979            0.6979        0.7762  0.0001  9.9629
     75            0.9340        0.4659       0.7014            0.7014        0.7783  0.0001  9.6882
     76            0.9340        0.4462       0.6979            0.6979        0.7804  0.0001  10.1189
     77            0.9306        0.4665       0.6979            0.6979        0.7825  0.0001  9.6044
     78            0.9340        0.4557       0.6979            0.6979        0.7809  0.0001  10.7614
     79            0.9306        0.4295       0.7014            0.7014        0.7796  0.0001  13.9527
     80            0.9306        0.4530       0.6979            0.6979        0.7802  0.0001  9.8757
     81            0.9306        0.4561       0.6944            0.6944        0.7808  0.0001  11.1713
     82            0.9306        0.4596       0.6944            0.6944        0.7809  0.0001  10.8250
     83            0.9271        0.4756       0.6979            0.6979        0.7831  0.0001  11.0938
     84            0.9306        0.4534       0.6979            0.6979        0.7850  0.0001  10.7016
     85            0.9271        0.4740       0.6979            0.6979        0.7830  0.0001  10.0039
     86            0.9271        0.4519       0.6979            0.6979        0.7837  0.0000  9.3497
     87            0.9271        0.4535       0.6910            0.6910        0.7871  0.0000  13.3320
     88            0.9271        0.4333       0.6910            0.6910        0.7857  0.0000  10.3362
     89            0.9271        0.4667       0.6875            0.6875        0.7843  0.0000  10.1873
Stopping since valid_loss has not improved in the last 18 epochs.
After model fit
Elapsed time: 1182.016182899475 seconds
last line of code 
hello in subject, b4 data load
hello after data load
Used Annotations descriptions: ['feet', 'left_hand', 'right_hand', 'tongue']
Used Annotations descriptions: ['feet', 'left_hand', 'right_hand', 'tongue']
Used Annotations descriptions: ['feet', 'left_hand', 'right_hand', 'tongue']
Used Annotations descriptions: ['feet', 'left_hand', 'right_hand', 'tongue']
Used Annotations descriptions: ['feet', 'left_hand', 'right_hand', 'tongue']
Used Annotations descriptions: ['feet', 'left_hand', 'right_hand', 'tongue']
Used Annotations descriptions: ['feet', 'left_hand', 'right_hand', 'tongue']
Used Annotations descriptions: ['feet', 'left_hand', 'right_hand', 'tongue']
Used Annotations descriptions: ['feet', 'left_hand', 'right_hand', 'tongue']
Used Annotations descriptions: ['feet', 'left_hand', 'right_hand', 'tongue']
Used Annotations descriptions: ['feet', 'left_hand', 'right_hand', 'tongue']
Used Annotations descriptions: ['feet', 'left_hand', 'right_hand', 'tongue']
b4 cuda load
GPU not available
after cuda load
model definition
after model definition
b4 log file path
after log file path
