before model fit
  epoch    train_accuracy    train_loss    valid_acc    valid_accuracy    valid_loss      lr      dur
-------  ----------------  ------------  -----------  ----------------  ------------  ------  -------
      1            0.3125        1.4726       0.3021            0.3021        1.3887  0.0009  23.0225
      2            0.3958        1.4412       0.3472            0.3472        1.3701  0.0009  21.2578
      3            0.4167        1.4380       0.3368            0.3368        1.3527  0.0009  22.5316
      4            0.4410        1.3415       0.3681            0.3681        1.3411  0.0009  22.0155
      5            0.4861        1.3426       0.3438            0.3438        1.3364  0.0009  24.0725
      6            0.4931        1.3523       0.3611            0.3611        1.3270  0.0009  22.9523
      7            0.5139        1.3560       0.3889            0.3889        1.3149  0.0009  23.6810
      8            0.5278        1.2926       0.4062            0.4062        1.3024  0.0009  22.0451
      9            0.5590        1.2898       0.4201            0.4201        1.2915  0.0009  21.3508
     10            0.6146        1.2689       0.4340            0.4340        1.2789  0.0009  20.4473
     11            0.6250        1.2811       0.4271            0.4271        1.2697  0.0009  23.8259
     12            0.6597        1.2105       0.4549            0.4549        1.2577  0.0009  31.3280
     13            0.6528        1.2199       0.4653            0.4653        1.2465  0.0009  26.6081
     14            0.6632        1.1968       0.4479            0.4479        1.2316  0.0009  21.1274
     15            0.6632        1.1963       0.4514            0.4514        1.2206  0.0009  20.7779
     16            0.6632        1.1643       0.4722            0.4722        1.2019  0.0008  24.1147
     17            0.6771        1.0922       0.4792            0.4792        1.1884  0.0008  21.5736
     18            0.6840        1.1226       0.4826            0.4826        1.1765  0.0008  30.6880
     19            0.6806        1.0926       0.4688            0.4688        1.1755  0.0008  27.2364
     20            0.7222        1.1066       0.4688            0.4688        1.1712  0.0008  26.7711
     21            0.7257        1.0694       0.4965            0.4965        1.1630  0.0008  21.9491
     22            0.7014        1.0312       0.4965            0.4965        1.1582  0.0008  21.5232
     23            0.6944        1.0661       0.4826            0.4826        1.1526  0.0008  22.1463
     24            0.6944        1.0260       0.4549            0.4549        1.1474  0.0008  22.0323
     25            0.7153        1.0389       0.4722            0.4722        1.1371  0.0008  22.6516
     26            0.7257        0.9999       0.4722            0.4722        1.1315  0.0008  21.4271
     27            0.7014        0.9758       0.4826            0.4826        1.1440  0.0008  22.4213
     28            0.7257        0.9967       0.4896            0.4896        1.1377  0.0007  22.2752
     29            0.7257        1.0011       0.5035            0.5035        1.1206  0.0007  21.1487
     30            0.7396        0.9490       0.5243            0.5243        1.1233  0.0007  21.4499
     31            0.7292        0.9471       0.5208            0.5208        1.1116  0.0007  22.5771
     32            0.7292        0.9587       0.4896            0.4896        1.1520  0.0007  25.4966
     33            0.7396        0.9146       0.5139            0.5139        1.1232  0.0007  22.5364
     34            0.7500        0.9318       0.4896            0.4896        1.1168  0.0007  22.0878
     35            0.7535        0.9034       0.4896            0.4896        1.1263  0.0007  23.8839
     36            0.7743        0.8983       0.4931            0.4931        1.1265  0.0006  23.7575
     37            0.7778        0.8474       0.5035            0.5035        1.1232  0.0006  24.3471
     38            0.7743        0.8429       0.5104            0.5104        1.1108  0.0006  22.6258
     39            0.7639        0.8928       0.4965            0.4965        1.1064  0.0006  23.0581
     40            0.7569        0.9086       0.5000            0.5000        1.1322  0.0006  25.4736
     41            0.7917        0.8636       0.4965            0.4965        1.1035  0.0006  23.6239
     42            0.7847        0.8409       0.5208            0.5208        1.1010  0.0006  22.3295
     43            0.7674        0.8102       0.5035            0.5035        1.1277  0.0006  23.4427
     44            0.7882        0.8089       0.5208            0.5208        1.1038  0.0005  23.5957
     45            0.7917        0.8805       0.5035            0.5035        1.1088  0.0005  21.7875
     46            0.7778        0.8288       0.4931            0.4931        1.0982  0.0005  22.2634
     47            0.7674        0.7891       0.4965            0.4965        1.1071  0.0005  22.3545
     48            0.7917        0.8209       0.5104            0.5104        1.1030  0.0005  22.2164
     49            0.8125        0.8026       0.5104            0.5104        1.1010  0.0005  19.6225
     50            0.8160        0.8639       0.5035            0.5035        1.1241  0.0005  21.2377
     51            0.8021        0.8331       0.5035            0.5035        1.1248  0.0004  22.1460
     52            0.8125        0.7918       0.5035            0.5035        1.1056  0.0004  20.9727
     53            0.8194        0.8085       0.5000            0.5000        1.1089  0.0004  22.1662
     54            0.8160        0.8331       0.5069            0.5069        1.1053  0.0004  21.9411
     55            0.8194        0.8317       0.5035            0.5035        1.1115  0.0004  21.0999
     56            0.8125        0.8145       0.5000            0.5000        1.1063  0.0004  22.5237
     57            0.8160        0.8220       0.5104            0.5104        1.1066  0.0004  23.3660
     58            0.8125        0.7772       0.4896            0.4896        1.1174  0.0003  22.4710
     59            0.8299        0.7704       0.5104            0.5104        1.1055  0.0003  22.6581
     60            0.8368        0.7734       0.5139            0.5139        1.1109  0.0003  23.3240
     61            0.8368        0.7574       0.5069            0.5069        1.1211  0.0003  23.3001
     62            0.8333        0.8006       0.5104            0.5104        1.1158  0.0003  21.9686
     63            0.8125        0.8054       0.5139            0.5139        1.1022  0.0003  20.3967
Stopping since valid_loss has not improved in the last 18 epochs.
After model fit
Elapsed time: 1727.8293838500977 seconds
last line of code 
hello in subject, b4 data load
hello after data load
Used Annotations descriptions: ['feet', 'left_hand', 'right_hand', 'tongue']
Used Annotations descriptions: ['feet', 'left_hand', 'right_hand', 'tongue']
Used Annotations descriptions: ['feet', 'left_hand', 'right_hand', 'tongue']
Used Annotations descriptions: ['feet', 'left_hand', 'right_hand', 'tongue']
Used Annotations descriptions: ['feet', 'left_hand', 'right_hand', 'tongue']
Used Annotations descriptions: ['feet', 'left_hand', 'right_hand', 'tongue']
Used Annotations descriptions: ['feet', 'left_hand', 'right_hand', 'tongue']
Used Annotations descriptions: ['feet', 'left_hand', 'right_hand', 'tongue']
Used Annotations descriptions: ['feet', 'left_hand', 'right_hand', 'tongue']
Used Annotations descriptions: ['feet', 'left_hand', 'right_hand', 'tongue']
Used Annotations descriptions: ['feet', 'left_hand', 'right_hand', 'tongue']
Used Annotations descriptions: ['feet', 'left_hand', 'right_hand', 'tongue']
b4 cuda load
GPU not available
after cuda load
model definition
after model definition
b4 log file path
after log file path
