before model fit
  epoch    train_accuracy    train_loss    valid_acc    valid_accuracy    valid_loss      lr      dur
-------  ----------------  ------------  -----------  ----------------  ------------  ------  -------
      1            0.4236        1.4363       0.3333            0.3333        1.3706  0.0009  18.4317
      2            0.4688        1.3926       0.3681            0.3681        1.3410  0.0009  17.2362
      3            0.4826        1.3690       0.4271            0.4271        1.3083  0.0009  18.4228
      4            0.5833        1.3177       0.4861            0.4861        1.2697  0.0009  17.6859
      5            0.6285        1.2633       0.5278            0.5278        1.2331  0.0009  18.7287
      6            0.6806        1.2501       0.5625            0.5625        1.1989  0.0009  16.3088
      7            0.6875        1.1892       0.5729            0.5729        1.1614  0.0009  20.3986
      8            0.7049        1.1915       0.6076            0.6076        1.1244  0.0009  21.8121
      9            0.7083        1.1056       0.5903            0.5903        1.0893  0.0009  19.0819
     10            0.7361        1.1180       0.6042            0.6042        1.0585  0.0009  15.5086
     11            0.7743        1.0715       0.6181            0.6181        1.0311  0.0009  19.2272
     12            0.7674        1.0129       0.6354            0.6354        1.0039  0.0009  19.6707
     13            0.7674        1.0296       0.6528            0.6528        0.9788  0.0009  20.1351
     14            0.7917        0.9878       0.6632            0.6632        0.9561  0.0009  20.2334
     15            0.7812        1.0333       0.6736            0.6736        0.9333  0.0009  22.5435
     16            0.7917        0.9885       0.6771            0.6771        0.9101  0.0008  19.5026
     17            0.7917        0.9450       0.6771            0.6771        0.8977  0.0008  19.8471
     18            0.7917        0.9122       0.6806            0.6806        0.8804  0.0008  19.4832
     19            0.8090        0.8963       0.6910            0.6910        0.8598  0.0008  18.3362
     20            0.8056        0.8429       0.6771            0.6771        0.8658  0.0008  16.8250
     21            0.8021        0.8269       0.6840            0.6840        0.8372  0.0008  17.1720
     22            0.8403        0.7948       0.7222            0.7222        0.8062  0.0008  17.7400
     23            0.8368        0.8526       0.7292            0.7292        0.7892  0.0008  17.7886
     24            0.8403        0.8115       0.7326            0.7326        0.7894  0.0008  16.4640
     25            0.8403        0.7815       0.7118            0.7118        0.7838  0.0008  16.8471
     26            0.8438        0.7607       0.7188            0.7188        0.7718  0.0008  17.3171
     27            0.8403        0.7977       0.7049            0.7049        0.7633  0.0008  18.2511
     28            0.8333        0.7265       0.7118            0.7118        0.7639  0.0007  15.9402
     29            0.8542        0.7688       0.7222            0.7222        0.7422  0.0007  18.1547
     30            0.8715        0.6949       0.7396            0.7396        0.7303  0.0007  15.9643
     31            0.8542        0.7150       0.7222            0.7222        0.7296  0.0007  16.3269
     32            0.8507        0.7268       0.7326            0.7326        0.7216  0.0007  18.3298
     33            0.8472        0.6517       0.7500            0.7500        0.7238  0.0007  17.5378
     34            0.8646        0.6826       0.7535            0.7535        0.7191  0.0007  18.2398
     35            0.8750        0.6799       0.7431            0.7431        0.7086  0.0007  20.5539
     36            0.8715        0.6517       0.7396            0.7396        0.7018  0.0006  20.9340
     37            0.8646        0.6590       0.7604            0.7604        0.6954  0.0006  22.1250
     38            0.8819        0.6287       0.7569            0.7569        0.6837  0.0006  18.2087
     39            0.8958        0.6766       0.7569            0.7569        0.6800  0.0006  18.1879
     40            0.8681        0.6846       0.7361            0.7361        0.6897  0.0006  17.6729
     41            0.8750        0.6301       0.7361            0.7361        0.6871  0.0006  18.0364
     42            0.8819        0.6724       0.7500            0.7500        0.6673  0.0006  17.3946
     43            0.8924        0.5953       0.7465            0.7465        0.6655  0.0006  17.0703
     44            0.8750        0.6439       0.7396            0.7396        0.6687  0.0005  19.3061
     45            0.8854        0.6235       0.7431            0.7431        0.6643  0.0005  20.1019
     46            0.8889        0.6100       0.7361            0.7361        0.6573  0.0005  18.2277
     47            0.9028        0.6289       0.7500            0.7500        0.6565  0.0005  17.4095
     48            0.8993        0.6001       0.7396            0.7396        0.6552  0.0005  16.4986
     49            0.8958        0.5719       0.7431            0.7431        0.6540  0.0005  17.2767
     50            0.8889        0.5874       0.7500            0.7500        0.6500  0.0005  19.3388
     51            0.9028        0.5390       0.7604            0.7604        0.6416  0.0004  17.4586
     52            0.9097        0.5782       0.7396            0.7396        0.6487  0.0004  16.9209
     53            0.9028        0.5543       0.7326            0.7326        0.6619  0.0004  20.2004
     54            0.8958        0.5479       0.7500            0.7500        0.6517  0.0004  18.2872
     55            0.9028        0.5304       0.7535            0.7535        0.6473  0.0004  21.1995
     56            0.9028        0.5585       0.7708            0.7708        0.6402  0.0004  26.0696
     57            0.9062        0.5524       0.7535            0.7535        0.6404  0.0004  18.9872
     58            0.8993        0.5691       0.7569            0.7569        0.6361  0.0003  21.3543
     59            0.8993        0.5997       0.7465            0.7465        0.6355  0.0003  17.4120
     60            0.8924        0.5447       0.7639            0.7639        0.6413  0.0003  16.3958
     61            0.9028        0.5700       0.7535            0.7535        0.6374  0.0003  16.2039
     62            0.9062        0.5265       0.7604            0.7604        0.6302  0.0003  17.2246
     63            0.9097        0.5210       0.7604            0.7604        0.6276  0.0003  18.0126
     64            0.9132        0.5387       0.7535            0.7535        0.6251  0.0003  17.2650
     65            0.9097        0.4931       0.7569            0.7569        0.6227  0.0003  17.2505
     66            0.9062        0.4794       0.7569            0.7569        0.6233  0.0002  18.4677
     67            0.9097        0.5208       0.7535            0.7535        0.6255  0.0002  20.3430
     68            0.9062        0.4935       0.7569            0.7569        0.6240  0.0002  18.4814
     69            0.9097        0.4927       0.7604            0.7604        0.6212  0.0002  17.6028
     70            0.9132        0.5080       0.7674            0.7674        0.6151  0.0002  17.4256
     71            0.9167        0.4981       0.7604            0.7604        0.6140  0.0002  23.9026
     72            0.9167        0.5082       0.7674            0.7674        0.6133  0.0002  28.5606
     73            0.9236        0.4947       0.7569            0.7569        0.6127  0.0002  30.6520
     74            0.9201        0.5092       0.7569            0.7569        0.6133  0.0001  22.6736
     75            0.9201        0.4871       0.7604            0.7604        0.6128  0.0001  17.9685
     76            0.9236        0.4829       0.7639            0.7639        0.6127  0.0001  18.1058
     77            0.9236        0.4809       0.7604            0.7604        0.6113  0.0001  19.2388
     78            0.9236        0.4860       0.7500            0.7500        0.6078  0.0001  17.5066
     79            0.9236        0.4968       0.7535            0.7535        0.6074  0.0001  18.7135
     80            0.9236        0.4835       0.7535            0.7535        0.6094  0.0001  18.0371
     81            0.9271        0.4985       0.7500            0.7500        0.6104  0.0001  26.7254
     82            0.9271        0.4888       0.7500            0.7500        0.6116  0.0001  17.8027
     83            0.9271        0.4734       0.7535            0.7535        0.6074  0.0001  18.0196
     84            0.9201        0.4666       0.7535            0.7535        0.6066  0.0001  22.6107
     85            0.9271        0.4585       0.7569            0.7569        0.6061  0.0001  18.5440
     86            0.9271        0.4561       0.7569            0.7569        0.6069  0.0000  16.8944
     87            0.9271        0.4663       0.7569            0.7569        0.6075  0.0000  18.0466
     88            0.9236        0.4739       0.7569            0.7569        0.6061  0.0000  16.9802
     89            0.9236        0.5306       0.7604            0.7604        0.6054  0.0000  21.2205
     90            0.9236        0.4708       0.7604            0.7604        0.6046  0.0000  17.4299
     91            0.9271        0.5319       0.7604            0.7604        0.6041  0.0000  15.4667
     92            0.9236        0.4935       0.7604            0.7604        0.6044  0.0000  18.0570
     93            0.9271        0.4665       0.7604            0.7604        0.6050  0.0000  17.1064
     94            0.9271        0.4806       0.7569            0.7569        0.6047  0.0000  16.8377
     95            0.9236        0.4751       0.7604            0.7604        0.6048  0.0000  17.5027
     96            0.9271        0.5218       0.7604            0.7604        0.6038  0.0000  17.8872
     97            0.9271        0.4923       0.7604            0.7604        0.6042  0.0000  17.9127
     98            0.9271        0.5012       0.7604            0.7604        0.6050  0.0000  18.2474
     99            0.9271        0.4570       0.7604            0.7604        0.6045  0.0000  17.0446
    100            0.9271        0.4391       0.7569            0.7569        0.6056  0.0000  23.6421
After model fit
Elapsed time: 2197.3065168857574 seconds
last line of code 
hello in subject, b4 data load
hello after data load
Used Annotations descriptions: ['feet', 'left_hand', 'right_hand', 'tongue']
Used Annotations descriptions: ['feet', 'left_hand', 'right_hand', 'tongue']
Used Annotations descriptions: ['feet', 'left_hand', 'right_hand', 'tongue']
Used Annotations descriptions: ['feet', 'left_hand', 'right_hand', 'tongue']
Used Annotations descriptions: ['feet', 'left_hand', 'right_hand', 'tongue']
Used Annotations descriptions: ['feet', 'left_hand', 'right_hand', 'tongue']
Used Annotations descriptions: ['feet', 'left_hand', 'right_hand', 'tongue']
Used Annotations descriptions: ['feet', 'left_hand', 'right_hand', 'tongue']
Used Annotations descriptions: ['feet', 'left_hand', 'right_hand', 'tongue']
Used Annotations descriptions: ['feet', 'left_hand', 'right_hand', 'tongue']
Used Annotations descriptions: ['feet', 'left_hand', 'right_hand', 'tongue']
Used Annotations descriptions: ['feet', 'left_hand', 'right_hand', 'tongue']
b4 cuda load
GPU not available
after cuda load
model definition
after model definition
b4 log file path
after log file path
